2.01   -12233.8
2.02   -12160.4
2.03   -12085.6
2.04   -12009.4
2.05   -11932
2.06   -11853.5
2.07   -11774
2.08   -11693.6
2.09   -11612.5
2.1   -11530.6
2.11   -11448
2.12   -11365
2.13   -11281.4
2.14   -11197.5
2.15   -11113.2
2.16   -11028.6
2.17   -10943.9
2.18   -10859
2.19   -10773.9
2.2   -10688.9
2.21   -10603.8
2.22   -10518.8
2.23   -10433.8
2.24   -10349
2.25   -10264.4
2.26   -10179.9
2.27   -10095.7
2.28   -10011.7
2.29   -9927.96
2.3   -9844.57
2.31   -9761.52
2.32   -9678.82
2.33   -9596.51
2.34   -9514.6
2.35   -9433.11
2.36   -9352.06
2.37   -9271.46
2.38   -9191.34
2.39   -9111.7
2.4   -9032.55
2.41   -8953.92
2.42   -8875.8
2.43   -8798.21
2.44   -8721.17
2.45   -8644.67
2.46   -8568.72
2.47   -8493.34
2.48   -8418.52
2.49   -8344.28
2.5   -8270.62
2.51   -8197.54
2.52   -8125.04
2.53   -8053.14
2.54   -7981.82
2.55   -7911.1
2.56   -7840.98
2.57   -7771.45
2.58   -7702.52
2.59   -7634.19
2.6   -7566.46
2.61   -7499.33
2.62   -7432.79
2.63   -7366.85
2.64   -7301.51
2.65   -7236.76
2.66   -7172.61
2.67   -7109.05
2.68   -7046.08
2.69   -6983.69
2.7   -6921.89
2.71   -6860.67
2.72   -6800.03
2.73   -6739.97
2.74   -6680.49
2.75   -6621.57
2.76   -6563.22
2.77   -6505.43
2.78   -6448.21
2.79   -6391.54
2.8   -6335.42
2.81   -6279.85
2.82   -6224.83
2.83   -6170.35
2.84   -6116.4
2.85   -6062.99
2.86   -6010.11
2.87   -5957.75
2.88   -5905.91
2.89   -5854.59
2.9   -5803.78
2.91   -5753.48
2.92   -5703.68
2.93   -5654.38
2.94   -5605.57
2.95   -5557.25
2.96   -5509.42
2.97   -5462.07
2.98   -5415.2
2.99   -5368.8
3   -5322.86
3.01   -5277.39
3.02   -5232.38
3.03   -5187.82
3.04   -5143.72
3.05   -5100.06
3.06   -5056.84
3.07   -5014.05
3.08   -4971.7
3.09   -4929.78
3.1   -4888.28
3.11   -4847.2
3.12   -4806.53
3.13   -4766.28
3.14   -4726.43
3.15   -4686.99
3.16   -4647.94
3.17   -4609.29
3.18   -4571.03
3.19   -4533.15
3.2   -4495.66
3.21   -4458.54
3.22   -4421.8
3.23   -4385.43
3.24   -4349.42
3.25   -4313.77
3.26   -4278.49
3.27   -4243.55
3.28   -4208.97
3.29   -4174.73
3.3   -4140.84
3.31   -4107.29
3.32   -4074.07
3.33   -4041.18
3.34   -4008.62
3.35   -3976.39
3.36   -3944.47
3.37   -3912.88
3.38   -3881.6
3.39   -3850.63
3.4   -3819.96
3.41   -3789.6
3.42   -3759.54
3.43   -3729.78
3.44   -3700.31
3.45   -3671.13
3.46   -3642.24
3.47   -3613.63
3.48   -3585.31
3.49   -3557.26
3.5   -3529.49
3.51   -3501.99
3.52   -3474.76
3.53   -3447.79
3.54   -3421.09
3.55   -3394.64
3.56   -3368.46
3.57   -3342.53
3.58   -3316.85
3.59   -3291.41
3.6   -3266.23
3.61   -3241.29
3.62   -3216.59
3.63   -3192.12
3.64   -3167.89
3.65   -3143.9
3.66   -3120.13
3.67   -3096.59
3.68   -3073.28
3.69   -3050.19
3.7   -3027.32
3.71   -3004.66
3.72   -2982.22
3.73   -2960
3.74   -2937.98
3.75   -2916.18
3.76   -2894.58
3.77   -2873.18
3.78   -2851.98
3.79   -2830.99
3.8   -2810.19
3.81   -2789.58
3.82   -2769.17
3.83   -2748.95
3.84   -2728.92
3.85   -2709.07
3.86   -2689.41
3.87   -2669.93
3.88   -2650.63
3.89   -2631.51
3.9   -2612.57
3.91   -2593.8
3.92   -2575.2
3.93   -2556.77
3.94   -2538.52
3.95   -2520.43
3.96   -2502.5
3.97   -2484.74
3.98   -2467.14
3.99   -2449.7
4   -2432.42
4.01   -2415.3
4.02   -2398.33
4.03   -2381.51
4.04   -2364.85
4.05   -2348.33
4.06   -2331.97
4.07   -2315.75
4.08   -2299.67
4.09   -2283.74
4.1   -2267.96
4.11   -2252.31
4.12   -2236.8
4.13   -2221.43
4.14   -2206.2
4.15   -2191.1
4.16   -2176.13
4.17   -2161.3
4.18   -2146.59
4.19   -2132.02
4.2   -2117.57
4.21   -2103.25
4.22   -2089.06
4.23   -2074.98
4.24   -2061.04
4.25   -2047.21
4.26   -2033.5
4.27   -2019.91
4.28   -2006.44
4.29   -1993.09
4.3   -1979.85
4.31   -1966.72
4.32   -1953.71
4.33   -1940.81
4.34   -1928.02
4.35   -1915.34
4.36   -1902.76
4.37   -1890.3
4.38   -1877.94
4.39   -1865.68
4.4   -1853.53
4.41   -1841.48
4.42   -1829.53
4.43   -1817.69
4.44   -1805.94
4.45   -1794.29
4.46   -1782.74
4.47   -1771.29
4.48   -1759.93
4.49   -1748.67
4.5   -1737.5
4.51   -1726.42
4.52   -1715.43
4.53   -1704.54
4.54   -1693.74
4.55   -1683.02
4.56   -1672.39
4.57   -1661.86
4.58   -1651.4
4.59   -1641.03
4.6   -1630.75
4.61   -1620.55
4.62   -1610.44
4.63   -1600.4
4.64   -1590.45
4.65   -1580.58
4.66   -1570.79
4.67   -1561.08
4.68   -1551.45
4.69   -1541.89
4.7   -1532.41
4.71   -1523.01
4.72   -1513.68
4.73   -1504.42
4.74   -1495.25
4.75   -1486.14
4.76   -1477.1
4.77   -1468.14
4.78   -1459.25
4.79   -1450.43
4.8   -1441.68
4.81   -1433
4.82   -1424.38
4.83   -1415.84
4.84   -1407.36
4.85   -1398.94
4.86   -1390.6
4.87   -1382.31
4.88   -1374.1
4.89   -1365.94
4.9   -1357.85
4.91   -1349.83
4.92   -1341.86
4.93   -1333.96
4.94   -1326.11
4.95   -1318.33
4.96   -1310.61
4.97   -1302.94
4.98   -1295.34
4.99   -1287.79
5   -1280.3
5.01   -1272.87
5.02   -1265.49
5.03   -1258.18
5.04   -1250.91
5.05   -1243.7
5.06   -1236.55
5.07   -1229.45
5.08   -1222.4
5.09   -1215.4
5.1   -1208.46
5.11   -1201.57
5.12   -1194.73
5.13   -1187.95
5.14   -1181.21
5.15   -1174.52
5.16   -1167.89
5.17   -1161.3
5.18   -1154.76
5.19   -1148.27
5.2   -1141.82
5.21   -1135.43
5.22   -1129.08
5.23   -1122.78
5.24   -1116.52
5.25   -1110.31
5.26   -1104.15
5.27   -1098.03
5.28   -1091.95
5.29   -1085.92
5.3   -1079.94
5.31   -1073.99
5.32   -1068.09
5.33   -1062.23
5.34   -1056.42
5.35   -1050.64
5.36   -1044.91
5.37   -1039.22
5.38   -1033.57
5.39   -1027.96
5.4   -1022.39
5.41   -1016.86
5.42   -1011.36
5.43   -1005.91
5.44   -1000.5
5.45   -995.123
5.46   -989.786
5.47   -984.486
5.48   -979.223
5.49   -973.998
5.5   -968.809
5.51   -963.657
5.52   -958.54
5.53   -953.46
5.54   -948.415
5.55   -943.405
5.56   -938.429
5.57   -933.489
5.58   -928.582
5.59   -923.71
5.6   -918.871
5.61   -914.066
5.62   -909.293
5.63   -904.554
5.64   -899.847
5.65   -895.172
5.66   -890.529
5.67   -885.918
5.68   -881.338
5.69   -876.79
5.7   -872.273
5.71   -867.786
5.72   -863.329
5.73   -858.903
5.74   -854.507
5.75   -850.14
5.76   -845.803
5.77   -841.494
5.78   -837.215
5.79   -832.965
5.8   -828.743
5.81   -824.549
5.82   -820.383
5.83   -816.245
5.84   -812.134
5.85   -808.051
5.86   -803.994
5.87   -799.965
5.88   -795.962
5.89   -791.986
5.9   -788.036
5.91   -784.111
5.92   -780.213
5.93   -776.34
5.94   -772.493
5.95   -768.67
5.96   -764.873
5.97   -761.1
5.98   -757.352
5.99   -753.628
6   -749.929
6.01   -746.253
6.02   -742.601
6.03   -738.973
6.04   -735.368
6.05   -731.787
6.06   -728.228
6.07   -724.692
6.08   -721.179
6.09   -717.688
6.1   -714.22
6.11   -710.774
6.12   -707.35
6.13   -703.947
6.14   -700.566
6.15   -697.207
6.16   -693.869
6.17   -690.552
6.18   -687.256
6.19   -683.98
6.2   -680.726
6.21   -677.491
6.22   -674.277
6.23   -671.084
6.24   -667.91
6.25   -664.756
6.26   -661.622
6.27   -658.507
6.28   -655.411
6.29   -652.335
6.3   -649.278
6.31   -646.24
6.32   -643.22
6.33   -640.22
6.34   -637.237
6.35   -634.273
6.36   -631.328
6.37   -628.4
6.38   -625.491
6.39   -622.599
6.4   -619.725
6.41   -616.868
6.42   -614.029
6.43   -611.207
6.44   -608.402
6.45   -605.614
6.46   -602.843
6.47   -600.089
6.48   -597.352
6.49   -594.631
6.5   -591.926
6.51   -589.238
6.52   -586.565
6.53   -583.909
6.54   -581.269
6.55   -578.645
6.56   -576.036
6.57   -573.442
6.58   -570.865
6.59   -568.302
6.6   -565.755
6.61   -563.223
6.62   -560.706
6.63   -558.203
6.64   -555.716
6.65   -553.243
6.66   -550.785
6.67   -548.341
6.68   -545.911
6.69   -543.496
6.7   -541.095
6.71   -538.708
6.72   -536.335
6.73   -533.975
6.74   -531.63
6.75   -529.298
6.76   -526.98
6.77   -524.675
6.78   -522.383
6.79   -520.105
6.8   -517.839
6.81   -515.587
6.82   -513.348
6.83   -511.122
6.84   -508.908
6.85   -506.707
6.86   -504.519
6.87   -502.343
6.88   -500.18
6.89   -498.029
6.9   -495.89
6.91   -493.764
6.92   -491.649
6.93   -489.547
6.94   -487.456
6.95   -485.377
6.96   -483.31
6.97   -481.255
6.98   -479.211
6.99   -477.179
7   -475.158
7.01   -473.148
7.02   -471.15
7.03   -469.163
7.04   -467.187
7.05   -465.222
7.06   -463.268
7.07   -461.325
7.08   -459.392
7.09   -457.471
7.1   -455.559
7.11   -453.659
7.12   -451.769
7.13   -449.89
7.14   -448.02
7.15   -446.162
7.16   -444.313
7.17   -442.474
7.18   -440.646
7.19   -438.828
7.2   -437.019
7.21   -435.22
7.22   -433.432
7.23   -431.653
7.24   -429.883
7.25   -428.123
7.26   -426.373
7.27   -424.632
7.28   -422.901
7.29   -421.179
7.3   -419.467
7.31   -417.763
7.32   -416.069
7.33   -414.384
7.34   -412.708
7.35   -411.04
7.36   -409.382
7.37   -407.733
7.38   -406.092
7.39   -404.461
7.4   -402.837
7.41   -401.223
7.42   -399.617
7.43   -398.02
7.44   -396.431
7.45   -394.85
7.46   -393.278
7.47   -391.714
7.48   -390.159
7.49   -388.611
7.5   -387.072
7.51   -385.541
7.52   -384.018
7.53   -382.503
7.54   -380.995
7.55   -379.496
7.56   -378.004
7.57   -376.521
7.58   -375.045
7.59   -373.576
7.6   -372.115
7.61   -370.662
7.62   -369.217
7.63   -367.778
7.64   -366.348
7.65   -364.924
7.66   -363.508
7.67   -362.1
7.68   -360.698
7.69   -359.304
7.7   -357.917
7.71   -356.536
7.72   -355.163
7.73   -353.798
7.74   -352.438
7.75   -351.086
7.76   -349.741
7.77   -348.403
7.78   -347.071
7.79   -345.746
7.8   -344.428
7.81   -343.117
7.82   -341.812
7.83   -340.514
7.84   -339.222
7.85   -337.937
7.86   -336.658
7.87   -335.386
7.88   -334.12
7.89   -332.86
7.9   -331.607
7.91   -330.36
7.92   -329.119
7.93   -327.884
7.94   -326.656
7.95   -325.433
7.96   -324.217
7.97   -323.007
7.98   -321.802
7.99   -320.604
8   -319.412
8.01   -318.225
8.02   -317.045
8.03   -315.87
8.04   -314.701
8.05   -313.537
8.06   -312.38
8.07   -311.228
8.08   -310.081
8.09   -308.941
8.1   -307.805
8.11   -306.676
8.12   -305.552
8.13   -304.433
8.14   -303.32
8.15   -302.212
8.16   -301.109
8.17   -300.012
8.18   -298.921
8.19   -297.834
8.2   -296.753
8.21   -295.677
8.22   -294.606
8.23   -293.54
8.24   -292.479
8.25   -291.424
8.26   -290.373
8.27   -289.328
8.28   -288.287
8.29   -287.252
8.3   -286.221
8.31   -285.196
8.32   -284.175
8.33   -283.159
8.34   -282.148
8.35   -281.142
8.36   -280.14
8.37   -279.143
8.38   -278.151
8.39   -277.164
8.4   -276.181
8.41   -275.203
8.42   -274.229
8.43   -273.26
8.44   -272.296
8.45   -271.336
8.46   -270.381
8.47   -269.43
8.48   -268.483
8.49   -267.541
8.5   -266.604
8.51   -265.67
8.52   -264.741
8.53   -263.817
8.54   -262.896
8.55   -261.98
8.56   -261.068
8.57   -260.16
8.58   -259.257
8.59   -258.358
8.6   -257.463
8.61   -256.571
8.62   -255.685
8.63   -254.802
8.64   -253.923
8.65   -253.048
8.66   -252.177
8.67   -251.31
8.68   -250.448
8.69   -249.589
8.7   -248.734
8.71   -247.882
8.72   -247.035
8.73   -246.192
8.74   -245.352
8.75   -244.516
8.76   -243.684
8.77   -242.856
8.78   -242.032
8.79   -241.211
8.8   -240.394
8.81   -239.58
8.82   -238.771
8.83   -237.964
8.84   -237.162
8.85   -236.363
8.86   -235.568
8.87   -234.776
8.88   -233.988
8.89   -233.203
8.9   -232.422
8.91   -231.644
8.92   -230.87
8.93   -230.099
8.94   -229.331
8.95   -228.567
8.96   -227.807
8.97   -227.049
8.98   -226.295
8.99   -225.545
9   -224.797
9.01   -224.053
9.02   -223.313
9.03   -222.575
9.04   -221.841
9.05   -221.11
9.06   -220.382
9.07   -219.657
9.08   -218.936
9.09   -218.218
9.1   -217.502
9.11   -216.79
9.12   -216.081
9.13   -215.375
9.14   -214.672
9.15   -213.973
9.16   -213.276
9.17   -212.582
9.18   -211.891
9.19   -211.203
9.2   -210.519
9.21   -209.837
9.22   -209.158
9.23   -208.482
9.24   -207.809
9.25   -207.139
9.26   -206.471
9.27   -205.807
9.28   -205.145
9.29   -204.486
9.3   -203.83
9.31   -203.177
9.32   -202.527
9.33   -201.879
9.34   -201.234
9.35   -200.592
9.36   -199.952
9.37   -199.316
9.38   -198.682
9.39   -198.05
9.4   -197.421
9.41   -196.795
9.42   -196.172
9.43   -195.551
9.44   -194.933
9.45   -194.317
9.46   -193.704
9.47   -193.094
9.48   -192.486
9.49   -191.881
9.5   -191.278
9.51   -190.678
9.52   -190.08
9.53   -189.485
9.54   -188.892
9.55   -188.302
9.56   -187.714
9.57   -187.128
9.58   -186.545
9.59   -185.965
9.6   -185.386
9.61   -184.811
9.62   -184.237
9.63   -183.666
9.64   -183.097
9.65   -182.531
9.66   -181.967
9.67   -181.405
9.68   -180.846
9.69   -180.289
9.7   -179.734
9.71   -179.181
9.72   -178.631
9.73   -178.083
9.74   -177.537
9.75   -176.993
9.76   -176.452
9.77   -175.913
9.78   -175.376
9.79   -174.841
9.8   -174.308
9.81   -173.778
9.82   -173.249
9.83   -172.723
9.84   -172.199
9.85   -171.677
9.86   -171.157
9.87   -170.639
9.88   -170.124
9.89   -169.61
9.9   -169.099
9.91   -168.589
9.92   -168.082
9.93   -167.576
9.94   -167.073
9.95   -166.571
9.96   -166.072
9.97   -165.574
9.98   -165.079
9.99   -164.586
10   -164.094
10.01   -163.604
10.02   -163.117
10.03   -162.631
10.04   -162.147
10.05   -161.666
10.06   -161.186
10.07   -160.708
10.08   -160.231
10.09   -159.757
10.1   -159.285
10.11   -158.814
10.12   -158.345
10.13   -157.879
10.14   -157.413
10.15   -156.95
10.16   -156.489
10.17   -156.029
10.18   -155.571
10.19   -155.115
10.2   -154.661
10.21   -154.209
10.22   -153.758
10.23   -153.309
10.24   -152.862
10.25   -152.416
10.26   -151.973
10.27   -151.53
10.28   -151.09
10.29   -150.651
10.3   -150.215
10.31   -149.779
10.32   -149.346
10.33   -148.914
10.34   -148.484
10.35   -148.055
10.36   -147.628
10.37   -147.203
10.38   -146.779
10.39   -146.357
10.4   -145.937
10.41   -145.518
10.42   -145.1
10.43   -144.685
10.44   -144.271
10.45   -143.858
10.46   -143.447
10.47   -143.038
10.48   -142.63
10.49   -142.224
10.5   -141.819
10.51   -141.416
10.52   -141.014
10.53   -140.614
10.54   -140.216
10.55   -139.818
10.56   -139.423
10.57   -139.029
10.58   -138.636
10.59   -138.245
10.6   -137.855
10.61   -137.467
10.62   -137.08
10.63   -136.695
10.64   -136.311
10.65   -135.928
10.66   -135.547
10.67   -135.167
10.68   -134.789
10.69   -134.412
10.7   -134.037
10.71   -133.663
10.72   -133.29
10.73   -132.919
10.74   -132.549
10.75   -132.181
10.76   -131.814
10.77   -131.448
10.78   -131.083
10.79   -130.72
10.8   -130.359
10.81   -129.998
10.82   -129.639
10.83   -129.281
10.84   -128.925
10.85   -128.57
10.86   -128.216
10.87   -127.863
10.88   -127.512
10.89   -127.162
10.9   -126.813
10.91   -126.466
10.92   -126.12
10.93   -125.775
10.94   -125.431
10.95   -125.089
10.96   -124.748
10.97   -124.408
10.98   -124.069
10.99   -123.731
11   -123.395
11.01   -123.06
11.02   -122.726
11.03   -122.394
11.04   -122.062
11.05   -121.732
11.06   -121.403
11.07   -121.075
11.08   -120.749
11.09   -120.423
11.1   -120.099
11.11   -119.776
11.12   -119.454
11.13   -119.133
11.14   -118.813
11.15   -118.494
11.16   -118.177
11.17   -117.861
11.18   -117.546
11.19   -117.231
11.2   -116.919
11.21   -116.607
11.22   -116.296
11.23   -115.986
11.24   -115.678
11.25   -115.37
11.26   -115.064
11.27   -114.759
11.28   -114.455
11.29   -114.151
11.3   -113.849
11.31   -113.548
11.32   -113.249
11.33   -112.95
11.34   -112.652
11.35   -112.355
11.36   -112.059
11.37   -111.765
11.38   -111.471
11.39   -111.178
11.4   -110.887
11.41   -110.596
11.42   -110.307
11.43   -110.018
11.44   -109.73
11.45   -109.444
11.46   -109.158
11.47   -108.874
11.48   -108.59
11.49   -108.307
11.5   -108.026
11.51   -107.745
11.52   -107.465
11.53   -107.187
11.54   -106.909
11.55   -106.632
11.56   -106.356
11.57   -106.081
11.58   -105.807
11.59   -105.534
11.6   -105.262
11.61   -104.991
11.62   -104.721
11.63   -104.452
11.64   -104.183
11.65   -103.916
11.66   -103.649
11.67   -103.384
11.68   -103.119
11.69   -102.855
11.7   -102.592
11.71   -102.33
11.72   -102.069
11.73   -101.809
11.74   -101.549
11.75   -101.291
11.76   -101.033
11.77   -100.777
11.78   -100.521
11.79   -100.266
11.8   -100.012
11.81   -99.7583
11.82   -99.5059
11.83   -99.2543
11.84   -99.0036
11.85   -98.7537
11.86   -98.5046
11.87   -98.2564
11.88   -98.009
11.89   -97.7624
11.9   -97.5167
11.91   -97.2718
11.92   -97.0277
11.93   -96.7844
11.94   -96.542
11.95   -96.3003
11.96   -96.0594
11.97   -95.8194
11.98   -95.5801
11.99   -95.3417
12   -95.104
12.01   -94.8671
12.02   -94.631
12.03   -94.3957
12.04   -94.1612
12.05   -93.9274
12.06   -93.6945
12.07   -93.4622
12.08   -93.2308
12.09   -93.0001
12.1   -92.7702
12.11   -92.541
12.12   -92.3126
12.13   -92.0849
12.14   -91.858
12.15   -91.6318
12.16   -91.4064
12.17   -91.1817
12.18   -90.9577
12.19   -90.7345
12.2   -90.512
12.21   -90.2902
12.22   -90.0692
12.23   -89.8489
12.24   -89.6293
12.25   -89.4104
12.26   -89.1922
12.27   -88.9747
12.28   -88.7579
12.29   -88.5419
12.3   -88.3265
12.31   -88.1118
12.32   -87.8978
12.33   -87.6846
12.34   -87.472
12.35   -87.26
12.36   -87.0488
12.37   -86.8383
12.38   -86.6284
12.39   -86.4192
12.4   -86.2107
12.41   -86.0028
12.42   -85.7957
12.43   -85.5891
12.44   -85.3833
12.45   -85.1781
12.46   -84.9735
12.47   -84.7696
12.48   -84.5664
12.49   -84.3638
12.5   -84.1619
12.51   -83.9606
12.52   -83.7599
12.53   -83.5599
12.54   -83.3605
12.55   -83.1618
12.56   -82.9636
12.57   -82.7661
12.58   -82.5693
12.59   -82.373
12.6   -82.1774
12.61   -81.9824
12.62   -81.788
12.63   -81.5942
12.64   -81.4011
12.65   -81.2085
12.66   -81.0166
12.67   -80.8252
12.68   -80.6345
12.69   -80.4443
12.7   -80.2548
12.71   -80.0658
12.72   -79.8775
12.73   -79.6897
12.74   -79.5025
12.75   -79.3159
12.76   -79.1299
12.77   -78.9445
12.78   -78.7596
12.79   -78.5753
12.8   -78.3916
12.81   -78.2085
12.82   -78.0259
12.83   -77.8439
12.84   -77.6625
12.85   -77.4816
12.86   -77.3013
12.87   -77.1216
12.88   -76.9424
12.89   -76.7637
12.9   -76.5857
12.91   -76.4081
12.92   -76.2311
12.93   -76.0547
12.94   -75.8788
12.95   -75.7034
12.96   -75.5286
12.97   -75.3543
12.98   -75.1806
12.99   -75.0074
13   -74.8347
13.01   -74.6625
13.02   -74.4909
13.03   -74.3198
13.04   -74.1492
13.05   -73.9792
13.06   -73.8096
13.07   -73.6406
13.08   -73.4721
13.09   -73.3041
13.1   -73.1367
13.11   -72.9697
13.12   -72.8032
13.13   -72.6373
13.14   -72.4718
13.15   -72.3069
13.16   -72.1424
13.17   -71.9785
13.18   -71.815
13.19   -71.652
13.2   -71.4896
13.21   -71.3276
13.22   -71.1661
13.23   -71.0051
13.24   -70.8446
13.25   -70.6845
13.26   -70.525
13.27   -70.3659
13.28   -70.2073
13.29   -70.0492
13.3   -69.8915
13.31   -69.7344
13.32   -69.5776
13.33   -69.4214
13.34   -69.2656
13.35   -69.1103
13.36   -68.9555
13.37   -68.8011
13.38   -68.6472
13.39   -68.4937
13.4   -68.3407
13.41   -68.1882
13.42   -68.0361
13.43   -67.8844
13.44   -67.7332
13.45   -67.5825
13.46   -67.4322
13.47   -67.2824
13.48   -67.1329
13.49   -66.984
13.5   -66.8354
13.51   -66.6874
13.52   -66.5397
13.53   -66.3925
13.54   -66.2457
13.55   -66.0993
13.56   -65.9534
13.57   -65.8079
13.58   -65.6629
13.59   -65.5182
13.6   -65.374
13.61   -65.2302
13.62   -65.0868
13.63   -64.9439
13.64   -64.8014
13.65   -64.6592
13.66   -64.5175
13.67   -64.3763
13.68   -64.2354
13.69   -64.0949
13.7   -63.9548
13.71   -63.8152
13.72   -63.676
13.73   -63.5371
13.74   -63.3987
13.75   -63.2606
13.76   -63.123
13.77   -62.9858
13.78   -62.8489
13.79   -62.7125
13.8   -62.5764
13.81   -62.4408
13.82   -62.3055
13.83   -62.1706
13.84   -62.0362
13.85   -61.9021
13.86   -61.7684
13.87   -61.635
13.88   -61.5021
13.89   -61.3695
13.9   -61.2373
13.91   -61.1055
13.92   -60.9741
13.93   -60.8431
13.94   -60.7124
13.95   -60.5821
13.96   -60.4522
13.97   -60.3226
13.98   -60.1934
13.99   -60.0646
14   -59.9361
14.01   -59.8081
14.02   -59.6803
14.03   -59.553
14.04   -59.426
14.05   -59.2993
14.06   -59.1731
14.07   -59.0472
14.08   -58.9216
14.09   -58.7964
14.1   -58.6715
14.11   -58.547
14.12   -58.4229
14.13   -58.2991
14.14   -58.1756
14.15   -58.0525
14.16   -57.9298
14.17   -57.8074
14.18   -57.6853
14.19   -57.5636
14.2   -57.4422
14.21   -57.3212
14.22   -57.2005
14.23   -57.0801
14.24   -56.9601
14.25   -56.8404
14.26   -56.7211
14.27   -56.6021
14.28   -56.4834
14.29   -56.365
14.3   -56.247
14.31   -56.1293
14.32   -56.0119
14.33   -55.8949
14.34   -55.7782
14.35   -55.6618
14.36   -55.5457
14.37   -55.43
14.38   -55.3146
14.39   -55.1995
14.4   -55.0847
14.41   -54.9702
14.42   -54.8561
14.43   -54.7422
14.44   -54.6287
14.45   -54.5155
14.46   -54.4026
14.47   -54.2901
14.48   -54.1778
14.49   -54.0658
14.5   -53.9542
14.51   -53.8428
14.52   -53.7318
14.53   -53.621
14.54   -53.5106
14.55   -53.4005
14.56   -53.2907
14.57   -53.1811
14.58   -53.0719
14.59   -52.963
14.6   -52.8544
14.61   -52.746
14.62   -52.638
14.63   -52.5302
14.64   -52.4228
14.65   -52.3156
14.66   -52.2088
14.67   -52.1022
14.68   -51.9959
14.69   -51.8899
14.7   -51.7842
14.71   -51.6788
14.72   -51.5737
14.73   -51.4688
14.74   -51.3642
14.75   -51.26
14.76   -51.156
14.77   -51.0522
14.78   -50.9488
14.79   -50.8456
14.8   -50.7427
14.81   -50.6401
14.82   -50.5378
14.83   -50.4358
14.84   -50.334
14.85   -50.2325
14.86   -50.1312
14.87   -50.0303
14.88   -49.9296
14.89   -49.8292
14.9   -49.729
14.91   -49.6291
14.92   -49.5295
14.93   -49.4302
14.94   -49.3311
14.95   -49.2323
14.96   -49.1337
14.97   -49.0354
14.98   -48.9374
14.99   -48.8396
15   -48.7421
15.01   -48.6448
15.02   -48.5478
15.03   -48.4511
15.04   -48.3546
15.05   -48.2584
15.06   -48.1624
15.07   -48.0667
15.08   -47.9713
15.09   -47.876
15.1   -47.7811
15.11   -47.6864
15.12   -47.5919
15.13   -47.4977
15.14   -47.4038
15.15   -47.3101
15.16   -47.2166
15.17   -47.1234
15.18   -47.0304
15.19   -46.9377
15.2   -46.8452
15.21   -46.7529
15.22   -46.6609
15.23   -46.5692
15.24   -46.4777
15.25   -46.3864
15.26   -46.2953
15.27   -46.2045
15.28   -46.114
15.29   -46.0236
15.3   -45.9335
15.31   -45.8437
15.32   -45.7541
15.33   -45.6647
15.34   -45.5755
15.35   -45.4866
15.36   -45.3979
15.37   -45.3094
15.38   -45.2212
15.39   -45.1332
15.4   -45.0454
15.41   -44.9578
15.42   -44.8705
15.43   -44.7834
15.44   -44.6965
15.45   -44.6099
15.46   -44.5235
15.47   -44.4373
15.48   -44.3513
15.49   -44.2655
15.5   -44.18
15.51   -44.0947
15.52   -44.0096
15.53   -43.9247
15.54   -43.84
15.55   -43.7556
15.56   -43.6714
15.57   -43.5873
15.58   -43.5035
15.59   -43.42
15.6   -43.3366
15.61   -43.2534
15.62   -43.1705
15.63   -43.0878
15.64   -43.0052
15.65   -42.9229
15.66   -42.8408
15.67   -42.7589
15.68   -42.6773
15.69   -42.5958
15.7   -42.5145
15.71   -42.4335
15.72   -42.3526
15.73   -42.272
15.74   -42.1915
15.75   -42.1113
15.76   -42.0312
15.77   -41.9514
15.78   -41.8718
15.79   -41.7923
15.8   -41.7131
15.81   -41.6341
15.82   -41.5552
15.83   -41.4766
15.84   -41.3982
15.85   -41.3199
15.86   -41.2419
15.87   -41.1641
15.88   -41.0864
15.89   -41.009
15.9   -40.9317
15.91   -40.8546
15.92   -40.7778
15.93   -40.7011
15.94   -40.6246
15.95   -40.5483
15.96   -40.4722
15.97   -40.3963
15.98   -40.3206
15.99   -40.245
16   -40.1697
16.01   -40.0945
16.02   -40.0195
16.03   -39.9448
16.04   -39.8702
16.05   -39.7957
16.06   -39.7215
16.07   -39.6475
16.08   -39.5736
16.09   -39.4999
16.1   -39.4264
16.11   -39.3531
16.12   -39.28
16.13   -39.2071
16.14   -39.1343
16.15   -39.0617
16.16   -38.9893
16.17   -38.9171
16.18   -38.845
16.19   -38.7731
16.2   -38.7014
16.21   -38.6299
16.22   -38.5586
16.23   -38.4874
16.24   -38.4164
16.25   -38.3456
16.26   -38.2749
16.27   -38.2045
16.28   -38.1342
16.29   -38.064
16.3   -37.9941
16.31   -37.9243
16.32   -37.8547
16.33   -37.7852
16.34   -37.716
16.35   -37.6469
16.36   -37.5779
16.37   -37.5091
16.38   -37.4405
16.39   -37.3721
16.4   -37.3038
16.41   -37.2357
16.42   -37.1678
16.43   -37.1
16.44   -37.0324
16.45   -36.965
16.46   -36.8977
16.47   -36.8306
16.48   -36.7636
16.49   -36.6969
16.5   -36.6302
16.51   -36.5638
16.52   -36.4975
16.53   -36.4313
16.54   -36.3653
16.55   -36.2995
16.56   -36.2338
16.57   -36.1683
16.58   -36.103
16.59   -36.0378
16.6   -35.9727
16.61   -35.9078
16.62   -35.8431
16.63   -35.7785
16.64   -35.7141
16.65   -35.6499
16.66   -35.5858
16.67   -35.5218
16.68   -35.458
16.69   -35.3944
16.7   -35.3309
16.71   -35.2675
16.72   -35.2043
16.73   -35.1413
16.74   -35.0784
16.75   -35.0156
16.76   -34.9531
16.77   -34.8906
16.78   -34.8283
16.79   -34.7662
16.8   -34.7042
16.81   -34.6423
16.82   -34.5806
16.83   -34.5191
16.84   -34.4576
16.85   -34.3964
16.86   -34.3353
16.87   -34.2743
16.88   -34.2134
16.89   -34.1528
16.9   -34.0922
16.91   -34.0318
16.92   -33.9715
16.93   -33.9114
16.94   -33.8514
16.95   -33.7916
16.96   -33.7319
16.97   -33.6724
16.98   -33.613
16.99   -33.5537
17   -33.4945
17.01   -33.4355
17.02   -33.3767
17.03   -33.318
17.04   -33.2594
17.05   -33.2009
17.06   -33.1426
17.07   -33.0845
17.08   -33.0264
17.09   -32.9685
17.1   -32.9108
17.11   -32.8531
17.12   -32.7956
17.13   -32.7383
17.14   -32.6811
17.15   -32.624
17.16   -32.567
17.17   -32.5102
17.18   -32.4535
17.19   -32.3969
17.2   -32.3405
17.21   -32.2842
17.22   -32.228
17.23   -32.172
17.24   -32.116
17.25   -32.0603
17.26   -32.0046
17.27   -31.9491
17.28   -31.8937
17.29   -31.8384
17.3   -31.7833
17.31   -31.7283
17.32   -31.6734
17.33   -31.6186
17.34   -31.564
17.35   -31.5095
17.36   -31.4551
17.37   -31.4008
17.38   -31.3467
17.39   -31.2927
17.4   -31.2388
17.41   -31.185
17.42   -31.1314
17.43   -31.0779
17.44   -31.0245
17.45   -30.9712
17.46   -30.9181
17.47   -30.865
17.48   -30.8121
17.49   -30.7593
17.5   -30.7067
17.51   -30.6541
17.52   -30.6017
17.53   -30.5494
17.54   -30.4972
17.55   -30.4451
17.56   -30.3932
17.57   -30.3414
17.58   -30.2896
17.59   -30.2381
17.6   -30.1866
17.61   -30.1352
17.62   -30.084
17.63   -30.0328
17.64   -29.9818
17.65   -29.9309
17.66   -29.8801
17.67   -29.8295
17.68   -29.7789
17.69   -29.7285
17.7   -29.6781
17.71   -29.6279
17.72   -29.5778
17.73   -29.5278
17.74   -29.478
17.75   -29.4282
17.76   -29.3786
17.77   -29.329
17.78   -29.2796
17.79   -29.2303
17.8   -29.1811
17.81   -29.132
17.82   -29.083
17.83   -29.0341
17.84   -28.9853
17.85   -28.9367
17.86   -28.8881
17.87   -28.8397
17.88   -28.7914
17.89   -28.7431
17.9   -28.695
17.91   -28.647
17.92   -28.5991
17.93   -28.5513
17.94   -28.5036
17.95   -28.4561
17.96   -28.4086
17.97   -28.3612
17.98   -28.3139
17.99   -28.2668
18   -28.2197
18.01   -28.1728
18.02   -28.1259
18.03   -28.0792
18.04   -28.0325
18.05   -27.986
18.06   -27.9396
18.07   -27.8932
18.08   -27.847
18.09   -27.8009
18.1   -27.7549
18.11   -27.7089
18.12   -27.6631
18.13   -27.6174
18.14   -27.5718
18.15   -27.5262
18.16   -27.4808
18.17   -27.4355
18.18   -27.3903
18.19   -27.3452
18.2   -27.3001
18.21   -27.2552
18.22   -27.2104
18.23   -27.1657
18.24   -27.121
18.25   -27.0765
18.26   -27.0321
18.27   -26.9877
18.28   -26.9435
18.29   -26.8993
18.3   -26.8553
18.31   -26.8113
18.32   -26.7675
18.33   -26.7237
18.34   -26.6801
18.35   -26.6365
18.36   -26.593
18.37   -26.5496
18.38   -26.5063
18.39   -26.4631
18.4   -26.4201
18.41   -26.377
18.42   -26.3341
18.43   -26.2913
18.44   -26.2486
18.45   -26.206
18.46   -26.1634
18.47   -26.121
18.48   -26.0786
18.49   -26.0363
18.5   -25.9942
18.51   -25.9521
18.52   -25.9101
18.53   -25.8682
18.54   -25.8264
18.55   -25.7847
18.56   -25.743
18.57   -25.7015
18.58   -25.66
18.59   -25.6187
18.6   -25.5774
18.61   -25.5362
18.62   -25.4951
18.63   -25.4541
18.64   -25.4132
18.65   -25.3723
18.66   -25.3316
18.67   -25.2909
18.68   -25.2504
18.69   -25.2099
18.7   -25.1695
18.71   -25.1292
18.72   -25.0889
18.73   -25.0488
18.74   -25.0087
18.75   -24.9688
18.76   -24.9289
18.77   -24.8891
18.78   -24.8494
18.79   -24.8097
18.8   -24.7702
18.81   -24.7307
18.82   -24.6913
18.83   -24.652
18.84   -24.6128
18.85   -24.5737
18.86   -24.5346
18.87   -24.4957
18.88   -24.4568
18.89   -24.418
18.9   -24.3793
18.91   -24.3406
18.92   -24.3021
18.93   -24.2636
18.94   -24.2252
18.95   -24.1869
18.96   -24.1487
18.97   -24.1105
18.98   -24.0725
18.99   -24.0345
19   -23.9966
19.01   -23.9587
19.02   -23.921
19.03   -23.8833
19.04   -23.8457
19.05   -23.8082
19.06   -23.7708
19.07   -23.7334
19.08   -23.6961
19.09   -23.6589
19.1   -23.6218
19.11   -23.5848
19.12   -23.5478
19.13   -23.5109
19.14   -23.4741
19.15   -23.4374
19.16   -23.4007
19.17   -23.3641
19.18   -23.3276
19.19   -23.2912
19.2   -23.2548
19.21   -23.2185
19.22   -23.1823
19.23   -23.1462
19.24   -23.1102
19.25   -23.0742
19.26   -23.0383
19.27   -23.0024
19.28   -22.9667
19.29   -22.931
19.3   -22.8954
19.31   -22.8599
19.32   -22.8244
19.33   -22.789
19.34   -22.7537
19.35   -22.7185
19.36   -22.6833
19.37   -22.6482
19.38   -22.6132
19.39   -22.5782
19.4   -22.5433
19.41   -22.5085
19.42   -22.4738
19.43   -22.4391
19.44   -22.4045
19.45   -22.37
19.46   -22.3356
19.47   -22.3012
19.48   -22.2669
19.49   -22.2326
19.5   -22.1985
19.51   -22.1644
19.52   -22.1303
19.53   -22.0964
19.54   -22.0625
19.55   -22.0287
19.56   -21.9949
19.57   -21.9612
19.58   -21.9276
19.59   -21.8941
19.6   -21.8606
19.61   -21.8272
19.62   -21.7938
19.63   -21.7605
19.64   -21.7273
19.65   -21.6942
19.66   -21.6611
19.67   -21.6281
19.68   -21.5952
19.69   -21.5623
19.7   -21.5295
19.71   -21.4968
19.72   -21.4641
19.73   -21.4315
19.74   -21.399
19.75   -21.3665
19.76   -21.3341
19.77   -21.3017
19.78   -21.2695
19.79   -21.2372
19.8   -21.2051
19.81   -21.173
19.82   -21.141
19.83   -21.1091
19.84   -21.0772
19.85   -21.0453
19.86   -21.0136
19.87   -20.9819
19.88   -20.9502
19.89   -20.9187
19.9   -20.8872
19.91   -20.8557
19.92   -20.8244
19.93   -20.793
19.94   -20.7618
19.95   -20.7306
19.96   -20.6995
19.97   -20.6684
19.98   -20.6374
19.99   -20.6064
