2.01   -6884.14   -2844.98   -3488.44
2.02   -6782.4   -2849.18   -3470.38
2.03   -6682.66   -2852.06   -3451.77
2.04   -6584.87   -2853.69   -3432.65
2.05   -6488.98   -2854.13   -3413.06
2.06   -6394.93   -2853.45   -3393.04
2.07   -6302.7   -2851.71   -3372.62
2.08   -6212.23   -2848.97   -3351.83
2.09   -6123.49   -2845.28   -3330.72
2.1   -6036.43   -2840.7   -3309.3
2.11   -5951.01   -2835.27   -3287.6
2.12   -5867.19   -2829.05   -3265.66
2.13   -5784.94   -2822.08   -3243.5
2.14   -5704.22   -2814.39   -3221.14
2.15   -5625   -2806.04   -3198.61
2.16   -5547.23   -2797.06   -3175.92
2.17   -5470.9   -2787.5   -3153.1
2.18   -5395.95   -2777.37   -3130.16
2.19   -5322.37   -2766.72   -3107.13
2.2   -5250.13   -2755.59   -3084.02
2.21   -5179.18   -2743.99   -3060.84
2.22   -5109.5   -2731.97   -3037.62
2.23   -5041.07   -2719.54   -3014.36
2.24   -4973.86   -2706.74   -2991.09
2.25   -4907.84   -2693.59   -2967.81
2.26   -4842.98   -2680.11   -2944.53
2.27   -4779.25   -2666.33   -2921.27
2.28   -4716.64   -2652.27   -2898.04
2.29   -4655.12   -2637.94   -2874.84
2.3   -4594.67   -2623.38   -2851.69
2.31   -4535.26   -2608.59   -2828.6
2.32   -4476.86   -2593.6   -2805.57
2.33   -4419.47   -2578.42   -2782.61
2.34   -4363.05   -2563.07   -2759.73
2.35   -4307.59   -2547.56   -2736.94
2.36   -4253.06   -2531.91   -2714.24
2.37   -4199.45   -2516.13   -2691.64
2.38   -4146.74   -2500.24   -2669.15
2.39   -4094.91   -2484.25   -2646.76
2.4   -4043.93   -2468.17   -2624.49
2.41   -3993.8   -2452.01   -2602.33
2.42   -3944.5   -2435.78   -2580.3
2.43   -3896   -2419.49   -2558.4
2.44   -3848.29   -2403.16   -2536.63
2.45   -3801.36   -2386.79   -2514.99
2.46   -3755.19   -2370.39   -2493.49
2.47   -3709.77   -2353.96   -2472.13
2.48   -3665.07   -2337.53   -2450.91
2.49   -3621.09   -2321.08   -2429.84
2.5   -3577.81   -2304.64   -2408.91
2.51   -3535.22   -2288.21   -2388.14
2.52   -3493.3   -2271.79   -2367.51
2.53   -3452.04   -2255.39   -2347.04
2.54   -3411.43   -2239.01   -2326.72
2.55   -3371.45   -2222.67   -2306.56
2.56   -3332.1   -2206.36   -2286.55
2.57   -3293.35   -2190.1   -2266.7
2.58   -3255.21   -2173.88   -2247.01
2.59   -3217.65   -2157.71   -2227.48
2.6   -3180.66   -2141.6   -2208.1
2.61   -3144.24   -2125.54   -2188.89
2.62   -3108.38   -2109.54   -2169.84
2.63   -3073.06   -2093.61   -2150.95
2.64   -3038.27   -2077.75   -2132.22
2.65   -3004   -2061.96   -2113.65
2.66   -2970.25   -2046.24   -2095.24
2.67   -2937   -2030.6   -2076.99
2.68   -2904.25   -2015.03   -2058.91
2.69   -2871.98   -1999.55   -2040.98
2.7   -2840.18   -1984.15   -2023.21
2.71   -2808.86   -1968.84   -2005.61
2.72   -2777.99   -1953.61   -1988.16
2.73   -2747.58   -1938.47   -1970.87
2.74   -2717.6   -1923.43   -1953.74
2.75   -2688.06   -1908.47   -1936.76
2.76   -2658.95   -1893.61   -1919.95
2.77   -2630.26   -1878.84   -1903.29
2.78   -2601.98   -1864.17   -1886.78
2.79   -2574.1   -1849.59   -1870.43
2.8   -2546.62   -1835.11   -1854.23
2.81   -2519.53   -1820.74   -1838.19
2.82   -2492.82   -1806.45   -1822.29
2.83   -2466.48   -1792.27   -1806.55
2.84   -2440.52   -1778.19   -1790.96
2.85   -2414.92   -1764.21   -1775.52
2.86   -2389.68   -1750.34   -1760.22
2.87   -2364.79   -1736.56   -1745.08
2.88   -2340.24   -1722.89   -1730.08
2.89   -2316.03   -1709.31   -1715.22
2.9   -2292.15   -1695.84   -1700.51
2.91   -2268.6   -1682.48   -1685.94
2.92   -2245.38   -1669.21   -1671.51
2.93   -2222.46   -1656.05   -1657.22
2.94   -2199.86   -1643   -1643.07
2.95   -2177.57   -1630.04   -1629.07
2.96   -2155.57   -1617.19   -1615.19
2.97   -2133.87   -1604.44   -1601.46
2.98   -2112.46   -1591.79   -1587.86
2.99   -2091.34   -1579.25   -1574.39
3   -2070.49   -1566.81   -1561.05
3.01   -2049.93   -1554.47   -1547.85
3.02   -2029.63   -1542.23   -1534.78
3.03   -2009.6   -1530.09   -1521.83
3.04   -1989.83   -1518.05   -1509.02
3.05   -1970.33   -1506.12   -1496.33
3.06   -1951.07   -1494.28   -1483.77
3.07   -1932.07   -1482.54   -1471.33
3.08   -1913.31   -1470.91   -1459.01
3.09   -1894.8   -1459.37   -1446.82
3.1   -1876.52   -1447.93   -1434.74
3.11   -1858.47   -1436.58   -1422.79
3.12   -1840.66   -1425.34   -1410.96
3.13   -1823.08   -1414.19   -1399.24
3.14   -1805.71   -1403.14   -1387.64
3.15   -1788.57   -1392.18   -1376.15
3.16   -1771.64   -1381.32   -1364.78
3.17   -1754.93   -1370.55   -1353.52
3.18   -1738.43   -1359.88   -1342.38
3.19   -1722.13   -1349.3   -1331.34
3.2   -1706.03   -1338.81   -1320.41
3.21   -1690.14   -1328.42   -1309.59
3.22   -1674.44   -1318.11   -1298.88
3.23   -1658.94   -1307.9   -1288.28
3.24   -1643.62   -1297.78   -1277.78
3.25   -1628.5   -1287.74   -1267.38
3.26   -1613.56   -1277.8   -1257.09
3.27   -1598.8   -1267.94   -1246.89
3.28   -1584.22   -1258.17   -1236.8
3.29   -1569.82   -1248.49   -1226.81
3.3   -1555.59   -1238.89   -1216.92
3.31   -1541.54   -1229.38   -1207.13
3.32   -1527.65   -1219.96   -1197.43
3.33   -1513.93   -1210.61   -1187.83
3.34   -1500.37   -1201.36   -1178.32
3.35   -1486.97   -1192.18   -1168.9
3.36   -1473.74   -1183.09   -1159.58
3.37   -1460.66   -1174.08   -1150.35
3.38   -1447.73   -1165.14   -1141.21
3.39   -1434.96   -1156.29   -1132.16
3.4   -1422.33   -1147.52   -1123.2
3.41   -1409.86   -1138.83   -1114.33
3.42   -1397.52   -1130.21   -1105.54
3.43   -1385.34   -1121.68   -1096.84
3.44   -1373.29   -1113.22   -1088.22
3.45   -1361.38   -1104.83   -1079.69
3.46   -1349.61   -1096.52   -1071.24
3.47   -1337.98   -1088.29   -1062.88
3.48   -1326.48   -1080.13   -1054.59
3.49   -1315.11   -1072.04   -1046.39
3.5   -1303.87   -1064.02   -1038.26
3.51   -1292.76   -1056.08   -1030.21
3.52   -1281.77   -1048.21   -1022.25
3.53   -1270.91   -1040.41   -1014.35
3.54   -1260.17   -1032.68   -1006.54
3.55   -1249.55   -1025.02   -998.799
3.56   -1239.05   -1017.43   -991.134
3.57   -1228.66   -1009.9   -983.542
3.58   -1218.4   -1002.45   -976.023
3.59   -1208.24   -995.056   -968.577
3.6   -1198.2   -987.732   -961.201
3.61   -1188.27   -980.475   -953.897
3.62   -1178.45   -973.282   -946.662
3.63   -1168.74   -966.154   -939.496
3.64   -1159.13   -959.089   -932.399
3.65   -1149.63   -952.088   -925.369
3.66   -1140.24   -945.149   -918.406
3.67   -1130.94   -938.272   -911.509
3.68   -1121.75   -931.457   -904.677
3.69   -1112.65   -924.702   -897.91
3.7   -1103.65   -918.008   -891.207
3.71   -1094.75   -911.373   -884.567
3.72   -1085.95   -904.797   -877.99
3.73   -1077.24   -898.28   -871.475
3.74   -1068.62   -891.821   -865.021
3.75   -1060.09   -885.419   -858.628
3.76   -1051.66   -879.074   -852.294
3.77   -1043.31   -872.786   -846.02
3.78   -1035.05   -866.553   -839.804
3.79   -1026.88   -860.375   -833.647
3.8   -1018.8   -854.252   -827.546
3.81   -1010.79   -848.183   -821.503
3.82   -1002.88   -842.167   -815.515
3.83   -995.042   -836.205   -809.583
3.84   -987.288   -830.295   -803.707
3.85   -979.615   -824.437   -797.884
3.86   -972.021   -818.631   -792.115
3.87   -964.506   -812.875   -786.399
3.88   -957.067   -807.17   -780.736
3.89   -949.705   -801.516   -775.125
3.9   -942.419   -795.91   -769.565
3.91   -935.206   -790.354   -764.056
3.92   -928.067   -784.846   -758.598
3.93   -921.001   -779.387   -753.19
3.94   -914.006   -773.975   -747.83
3.95   -907.082   -768.61   -742.52
3.96   -900.227   -763.292   -737.257
3.97   -893.442   -758.02   -732.043
3.98   -886.724   -752.793   -726.876
3.99   -880.074   -747.612   -721.755
4   -873.49   -742.476   -716.681
4.01   -866.971   -737.385   -711.652
4.02   -860.517   -732.337   -706.668
4.03   -854.127   -727.333   -701.73
4.04   -847.8   -722.372   -696.835
4.05   -841.536   -717.454   -691.985
4.06   -835.333   -712.577   -687.178
4.07   -829.191   -707.743   -682.413
4.08   -823.109   -702.951   -677.691
4.09   -817.086   -698.199   -673.011
4.1   -811.122   -693.488   -668.373
4.11   -805.216   -688.817   -663.776
4.12   -799.367   -684.186   -659.219
4.13   -793.574   -679.594   -654.703
4.14   -787.838   -675.042   -650.226
4.15   -782.156   -670.528   -645.789
4.16   -776.529   -666.052   -641.391
4.17   -770.956   -661.615   -637.032
4.18   -765.436   -657.215   -632.71
4.19   -759.969   -652.852   -628.427
4.2   -754.553   -648.525   -624.18
4.21   -749.189   -644.236   -619.971
4.22   -743.876   -639.982   -615.799
4.23   -738.612   -635.764   -611.662
4.24   -733.399   -631.582   -607.562
4.25   -728.234   -627.435   -603.497
4.26   -723.118   -623.322   -599.467
4.27   -718.049   -619.244   -595.472
4.28   -713.028   -615.199   -591.511
4.29   -708.053   -611.189   -587.585
4.3   -703.125   -607.211   -583.692
4.31   -698.242   -603.267   -579.832
4.32   -693.404   -599.356   -576.006
4.33   -688.611   -595.477   -572.212
4.34   -683.862   -591.63   -568.45
4.35   -679.157   -587.814   -564.721
4.36   -674.494   -584.031   -561.023
4.37   -669.874   -580.278   -557.356
4.38   -665.297   -576.556   -553.721
4.39   -660.761   -572.865   -550.116
4.4   -656.266   -569.204   -546.542
4.41   -651.811   -565.573   -542.998
4.42   -647.397   -561.972   -539.483
4.43   -643.023   -558.4   -535.998
4.44   -638.688   -554.858   -532.542
4.45   -634.392   -551.344   -529.116
4.46   -630.134   -547.859   -525.717
4.47   -625.915   -544.401   -522.347
4.48   -621.733   -540.972   -519.005
4.49   -617.588   -537.571   -515.691
4.5   -613.48   -534.197   -512.405
4.51   -609.408   -530.851   -509.145
4.52   -605.372   -527.531   -505.913
4.53   -601.372   -524.238   -502.707
4.54   -597.407   -520.972   -499.527
4.55   -593.476   -517.731   -496.374
4.56   -589.581   -514.517   -493.247
4.57   -585.719   -511.328   -490.145
4.58   -581.891   -508.165   -487.068
4.59   -578.096   -505.027   -484.017
4.6   -574.334   -501.914   -480.99
4.61   -570.604   -498.826   -477.989
4.62   -566.907   -495.762   -475.011
4.63   -563.242   -492.722   -472.058
4.64   -559.608   -489.707   -469.128
4.65   -556.005   -486.715   -466.223
4.66   -552.433   -483.747   -463.34
4.67   -548.892   -480.802   -460.481
4.68   -545.381   -477.881   -457.645
4.69   -541.9   -474.982   -454.832
4.7   -538.448   -472.106   -452.041
4.71   -535.026   -469.252   -449.272
4.72   -531.633   -466.421   -446.526
4.73   -528.268   -463.612   -443.801
4.74   -524.932   -460.825   -441.099
4.75   -521.623   -458.059   -438.417
4.76   -518.343   -455.315   -435.757
4.77   -515.089   -452.592   -433.118
4.78   -511.863   -449.891   -430.5
4.79   -508.664   -447.21   -427.902
4.8   -505.492   -444.55   -425.325
4.81   -502.345   -441.91   -422.768
4.82   -499.225   -439.29   -420.231
4.83   -496.131   -436.691   -417.715
4.84   -493.062   -434.112   -415.217
4.85   -490.019   -431.552   -412.74
4.86   -487   -429.012   -410.281
4.87   -484.006   -426.491   -407.842
4.88   -481.037   -423.99   -405.422
4.89   -478.092   -421.508   -403.02
4.9   -475.171   -419.044   -400.637
4.91   -472.273   -416.599   -398.272
4.92   -469.399   -414.173   -395.926
4.93   -466.549   -411.765   -393.598
4.94   -463.721   -409.375   -391.287
4.95   -460.916   -407.003   -388.995
4.96   -458.134   -404.649   -386.72
4.97   -455.374   -402.312   -384.462
4.98   -452.637   -399.994   -382.222
4.99   -449.921   -397.692   -379.998
5   -447.227   -395.408   -377.792
5.01   -444.554   -393.141   -375.602
5.02   -441.903   -390.89   -373.429
5.03   -439.272   -388.657   -371.273
5.04   -436.663   -386.44   -369.132
5.05   -434.074   -384.24   -367.008
5.06   -431.505   -382.055   -364.9
5.07   -428.957   -379.887   -362.808
5.08   -426.429   -377.735   -360.731
5.09   -423.92   -375.599   -358.67
5.1   -421.432   -373.479   -356.625
5.11   -418.962   -371.374   -354.595
5.12   -416.512   -369.284   -352.579
5.13   -414.081   -367.21   -350.579
5.14   -411.669   -365.151   -348.594
5.15   -409.276   -363.107   -346.624
5.16   -406.901   -361.079   -344.668
5.17   -404.544   -359.064   -342.726
5.18   -402.206   -357.065   -340.799
5.19   -399.885   -355.08   -338.886
5.2   -397.583   -353.109   -336.987
5.21   -395.298   -351.153   -335.102
5.22   -393.03   -349.21   -333.231
5.23   -390.78   -347.282   -331.374
5.24   -388.547   -345.368   -329.53
5.25   -386.331   -343.467   -327.7
5.26   -384.132   -341.58   -325.883
5.27   -381.949   -339.707   -324.079
5.28   -379.783   -337.847   -322.289
5.29   -377.634   -336   -320.511
5.3   -375.5   -334.166   -318.746
5.31   -373.383   -332.346   -316.994
5.32   -371.281   -330.538   -315.255
5.33   -369.195   -328.744   -313.528
5.34   -367.125   -326.962   -311.813
5.35   -365.07   -325.192   -310.111
5.36   -363.031   -323.436   -308.421
5.37   -361.006   -321.691   -306.743
5.38   -358.997   -319.959   -305.078
5.39   -357.003   -318.239   -303.424
5.4   -355.023   -316.531   -301.781
5.41   -353.058   -314.835   -300.151
5.42   -351.107   -313.151   -298.532
5.43   -349.171   -311.479   -296.925
5.44   -347.249   -309.818   -295.328
5.45   -345.341   -308.169   -293.744
5.46   -343.447   -306.532   -292.17
5.47   -341.567   -304.906   -290.607
5.48   -339.7   -303.291   -289.056
5.49   -337.847   -301.687   -287.515
5.5   -336.008   -300.095   -285.985
5.51   -334.182   -298.513   -284.466
5.52   -332.369   -296.943   -282.958
5.53   -330.569   -295.383   -281.459
5.54   -328.782   -293.834   -279.972
5.55   -327.008   -292.295   -278.495
5.56   -325.247   -290.767   -277.028
5.57   -323.498   -289.25   -275.571
5.58   -321.762   -287.743   -274.124
5.59   -320.039   -286.246   -272.687
5.6   -318.327   -284.759   -271.26
5.61   -316.628   -283.283   -269.843
5.62   -314.941   -281.816   -268.436
5.63   -313.265   -280.36   -267.038
5.64   -311.602   -278.913   -265.65
5.65   -309.951   -277.476   -264.272
5.66   -308.311   -276.049   -262.902
5.67   -306.682   -274.632   -261.543
5.68   -305.065   -273.224   -260.192
5.69   -303.46   -271.825   -258.851
5.7   -301.865   -270.436   -257.518
5.71   -300.282   -269.056   -256.195
5.72   -298.71   -267.686   -254.881
5.73   -297.149   -266.324   -253.575
5.74   -295.598   -264.972   -252.279
5.75   -294.059   -263.628   -250.991
5.76   -292.53   -262.294   -249.712
5.77   -291.012   -260.968   -248.441
5.78   -289.504   -259.652   -247.179
5.79   -288.006   -258.344   -245.925
5.8   -286.519   -257.044   -244.68
5.81   -285.042   -255.753   -243.443
5.82   -283.576   -254.471   -242.214
5.83   -282.119   -253.197   -240.993
5.84   -280.672   -251.932   -239.781
5.85   -279.235   -250.674   -238.577
5.86   -277.808   -249.425   -237.38
5.87   -276.391   -248.185   -236.192
5.88   -274.983   -246.952   -235.011
5.89   -273.585   -245.727   -233.838
5.9   -272.196   -244.511   -232.673
5.91   -270.817   -243.302   -231.515
5.92   -269.447   -242.101   -230.365
5.93   -268.086   -240.908   -229.223
5.94   -266.734   -239.722   -228.088
5.95   -265.391   -238.545   -226.96
5.96   -264.058   -237.374   -225.84
5.97   -262.733   -236.212   -224.727
5.98   -261.417   -235.057   -223.621
5.99   -260.11   -233.909   -222.523
6   -258.812   -232.769   -221.431
6.01   -257.522   -231.636   -220.347
6.02   -256.241   -230.51   -219.27
6.03   -254.968   -229.391   -218.199
6.04   -253.704   -228.28   -217.136
6.05   -252.448   -227.176   -216.079
6.06   -251.2   -226.078   -215.029
6.07   -249.961   -224.988   -213.986
6.08   -248.729   -223.904   -212.95
6.09   -247.506   -222.828   -211.92
6.1   -246.291   -221.758   -210.897
6.11   -245.084   -220.695   -209.88
6.12   -243.884   -219.639   -208.87
6.13   -242.692   -218.589   -207.866
6.14   -241.509   -217.546   -206.868
6.15   -240.332   -216.509   -205.877
6.16   -239.164   -215.479   -204.892
6.17   -238.003   -214.456   -203.913
6.18   -236.849   -213.439   -202.941
6.19   -235.703   -212.428   -201.975
6.2   -234.565   -211.423   -201.014
6.21   -233.433   -210.425   -200.06
6.22   -232.309   -209.433   -199.112
6.23   -231.192   -208.447   -198.169
6.24   -230.083   -207.467   -197.233
6.25   -228.98   -206.493   -196.302
6.26   -227.884   -205.526   -195.377
6.27   -226.796   -204.564   -194.458
6.28   -225.714   -203.608   -193.545
6.29   -224.639   -202.658   -192.637
6.3   -223.571   -201.714   -191.735
6.31   -222.51   -200.776   -190.838
6.32   -221.456   -199.843   -189.948
6.33   -220.408   -198.916   -189.062
6.34   -219.366   -197.995   -188.182
6.35   -218.332   -197.08   -187.307
6.36   -217.303   -196.17   -186.438
6.37   -216.282   -195.265   -185.574
6.38   -215.266   -194.366   -184.716
6.39   -214.257   -193.473   -183.862
6.4   -213.254   -192.585   -183.014
6.41   -212.258   -191.702   -182.171
6.42   -211.267   -190.824   -181.333
6.43   -210.283   -189.952   -180.5
6.44   -209.305   -189.085   -179.673
6.45   -208.333   -188.224   -178.85
6.46   -207.367   -187.367   -178.032
6.47   -206.407   -186.516   -177.219
6.48   -205.453   -185.67   -176.412
6.49   -204.505   -184.829   -175.609
6.5   -203.562   -183.992   -174.81
6.51   -202.626   -183.161   -174.017
6.52   -201.695   -182.335   -173.228
6.53   -200.77   -181.514   -172.444
6.54   -199.85   -180.697   -171.665
6.55   -198.936   -179.886   -170.891
6.56   -198.028   -179.079   -170.121
6.57   -197.125   -178.277   -169.355
6.58   -196.228   -177.48   -168.595
6.59   -195.336   -176.687   -167.838
6.6   -194.449   -175.899   -167.087
6.61   -193.568   -175.116   -166.339
6.62   -192.692   -174.337   -165.596
6.63   -191.821   -173.563   -164.858
6.64   -190.956   -172.794   -164.124
6.65   -190.096   -172.029   -163.394
6.66   -189.241   -171.268   -162.668
6.67   -188.391   -170.512   -161.947
6.68   -187.546   -169.76   -161.23
6.69   -186.706   -169.013   -160.517
6.7   -185.872   -168.27   -159.808
6.71   -185.042   -167.531   -159.104
6.72   -184.217   -166.797   -158.403
6.73   -183.397   -166.067   -157.707
6.74   -182.582   -165.341   -157.015
6.75   -181.772   -164.619   -156.326
6.76   -180.966   -163.901   -155.642
6.77   -180.166   -163.188   -154.962
6.78   -179.37   -162.478   -154.285
6.79   -178.578   -161.773   -153.613
6.8   -177.791   -161.072   -152.944
6.81   -177.009   -160.375   -152.279
6.82   -176.232   -159.681   -151.618
6.83   -175.459   -158.992   -150.961
6.84   -174.691   -158.307   -150.308
6.85   -173.927   -157.625   -149.658
6.86   -173.167   -156.947   -149.012
6.87   -172.412   -156.274   -148.37
6.88   -171.661   -155.604   -147.731
6.89   -170.915   -154.938   -147.096
6.9   -170.173   -154.275   -146.465
6.91   -169.435   -153.617   -145.837
6.92   -168.702   -152.962   -145.213
6.93   -167.972   -152.31   -144.593
6.94   -167.247   -151.663   -143.975
6.95   -166.526   -151.019   -143.362
6.96   -165.81   -150.379   -142.752
6.97   -165.097   -149.742   -142.145
6.98   -164.389   -149.109   -141.541
6.99   -163.684   -148.479   -140.942
7   -162.983   -147.853   -140.345
7.01   -162.287   -147.23   -139.752
7.02   -161.594   -146.611   -139.162
7.03   -160.906   -145.995   -138.575
7.04   -160.221   -145.383   -137.992
7.05   -159.54   -144.774   -137.412
7.06   -158.863   -144.168   -136.835
7.07   -158.19   -143.566   -136.261
7.08   -157.521   -142.967   -135.691
7.09   -156.855   -142.372   -135.123
7.1   -156.193   -141.779   -134.559
7.11   -155.535   -141.19   -133.998
7.12   -154.881   -140.605   -133.44
7.13   -154.23   -140.022   -132.885
7.14   -153.583   -139.443   -132.334
7.15   -152.939   -138.866   -131.785
7.16   -152.3   -138.293   -131.239
7.17   -151.663   -137.723   -130.696
7.18   -151.03   -137.156   -130.157
7.19   -150.401   -136.593   -129.62
7.2   -149.775   -136.032   -129.086
7.21   -149.153   -135.474   -128.555
7.22   -148.534   -134.92   -128.027
7.23   -147.919   -134.368   -127.501
7.24   -147.307   -133.819   -126.979
7.25   -146.698   -133.274   -126.46
7.26   -146.092   -132.731   -125.943
7.27   -145.49   -132.191   -125.429
7.28   -144.892   -131.654   -124.918
7.29   -144.296   -131.12   -124.409
7.3   -143.704   -130.589   -123.904
7.31   -143.115   -130.061   -123.401
7.32   -142.529   -129.535   -122.901
7.33   -141.947   -129.012   -122.403
7.34   -141.367   -128.492   -121.908
7.35   -140.791   -127.975   -121.416
7.36   -140.218   -127.461   -120.926
7.37   -139.648   -126.949   -120.439
7.38   -139.081   -126.44   -119.955
7.39   -138.517   -125.934   -119.473
7.4   -137.957   -125.431   -118.994
7.41   -137.399   -124.93   -118.517
7.42   -136.844   -124.431   -118.043
7.43   -136.292   -123.936   -117.572
7.44   -135.743   -123.443   -117.102
7.45   -135.198   -122.952   -116.636
7.46   -134.655   -122.465   -116.172
7.47   -134.115   -121.979   -115.71
7.48   -133.577   -121.497   -115.251
7.49   -133.043   -121.016   -114.794
7.5   -132.512   -120.539   -114.339
7.51   -131.983   -120.064   -113.887
7.52   -131.457   -119.591   -113.437
7.53   -130.934   -119.121   -112.99
7.54   -130.414   -118.653   -112.545
7.55   -129.896   -118.187   -112.102
7.56   -129.382   -117.725   -111.662
7.57   -128.869   -117.264   -111.224
7.58   -128.36   -116.806   -110.788
7.59   -127.853   -116.35   -110.354
7.6   -127.349   -115.897   -109.923
7.61   -126.848   -115.445   -109.494
7.62   -126.349   -114.997   -109.067
7.63   -125.853   -114.55   -108.642
7.64   -125.36   -114.106   -108.22
7.65   -124.869   -113.664   -107.8
7.66   -124.38   -113.225   -107.381
7.67   -123.894   -112.787   -106.965
7.68   -123.411   -112.352   -106.552
7.69   -122.93   -111.919   -106.14
7.7   -122.452   -111.488   -105.73
7.71   -121.976   -111.06   -105.323
7.72   -121.503   -110.634   -104.917
7.73   -121.032   -110.209   -104.514
7.74   -120.563   -109.787   -104.113
7.75   -120.097   -109.368   -103.713
7.76   -119.633   -108.95   -103.316
7.77   -119.172   -108.534   -102.921
7.78   -118.713   -108.121   -102.528
7.79   -118.257   -107.709   -102.137
7.8   -117.802   -107.3   -101.747
7.81   -117.35   -106.892   -101.36
7.82   -116.901   -106.487   -100.975
7.83   -116.453   -106.084   -100.591
7.84   -116.008   -105.683   -100.21
7.85   -115.566   -105.284   -99.8304
7.86   -115.125   -104.886   -99.4528
7.87   -114.687   -104.491   -99.0771
7.88   -114.251   -104.098   -98.7033
7.89   -113.817   -103.707   -98.3313
7.9   -113.385   -103.317   -97.9612
7.91   -112.956   -102.93   -97.5929
7.92   -112.528   -102.544   -97.2265
7.93   -112.103   -102.161   -96.8619
7.94   -111.68   -101.779   -96.4991
7.95   -111.259   -101.399   -96.1382
7.96   -110.841   -101.022   -95.779
7.97   -110.424   -100.646   -95.4216
7.98   -110.009   -100.271   -95.0659
7.99   -109.597   -99.8991   -94.7121
8   -109.186   -99.5286   -94.3599
8.01   -108.778   -99.1599   -94.0095
8.02   -108.371   -98.793   -93.6609
8.03   -107.967   -98.428   -93.3139
8.04   -107.565   -98.0647   -92.9687
8.05   -107.164   -97.7032   -92.6251
8.06   -106.766   -97.3434   -92.2832
8.07   -106.369   -96.9854   -91.943
8.08   -105.975   -96.6292   -91.6045
8.09   -105.583   -96.2747   -91.2676
8.1   -105.192   -95.9219   -90.9324
8.11   -104.803   -95.5709   -90.5988
8.12   -104.417   -95.2215   -90.2668
8.13   -104.032   -94.8738   -89.9365
8.14   -103.649   -94.5278   -89.6077
8.15   -103.268   -94.1835   -89.2806
8.16   -102.889   -93.8409   -88.955
8.17   -102.511   -93.4999   -88.631
8.18   -102.136   -93.1605   -88.3085
8.19   -101.762   -92.8228   -87.9877
8.2   -101.39   -92.4867   -87.6683
8.21   -101.02   -92.1522   -87.3505
8.22   -100.652   -91.8193   -87.0343
8.23   -100.286   -91.488   -86.7195
8.24   -99.9208   -91.1583   -86.4063
8.25   -99.5579   -90.8301   -86.0946
8.26   -99.1968   -90.5036   -85.7843
8.27   -98.8374   -90.1786   -85.4756
8.28   -98.4797   -89.8551   -85.1683
8.29   -98.1237   -89.5332   -84.8625
8.3   -97.7695   -89.2128   -84.5581
8.31   -97.417   -88.8939   -84.2552
8.32   -97.0661   -88.5765   -83.9537
8.33   -96.717   -88.2607   -83.6537
8.34   -96.3695   -87.9463   -83.3551
8.35   -96.0237   -87.6334   -83.0579
8.36   -95.6795   -87.322   -82.7621
8.37   -95.337   -87.0121   -82.4677
8.38   -94.9961   -86.7036   -82.1747
8.39   -94.6568   -86.3965   -81.8831
8.4   -94.3191   -86.0909   -81.5928
8.41   -93.9831   -85.7868   -81.304
8.42   -93.6486   -85.484   -81.0164
8.43   -93.3158   -85.1827   -80.7303
8.44   -92.9845   -84.8828   -80.4454
8.45   -92.6547   -84.5843   -80.1619
8.46   -92.3266   -84.2872   -79.8798
8.47   -91.9999   -83.9915   -79.5989
8.48   -91.6748   -83.6971   -79.3194
8.49   -91.3513   -83.4041   -79.0411
8.5   -91.0292   -83.1125   -78.7642
8.51   -90.7087   -82.8222   -78.4885
8.52   -90.3897   -82.5333   -78.2142
8.53   -90.0722   -82.2457   -77.9411
8.54   -89.7561   -81.9594   -77.6692
8.55   -89.4416   -81.6745   -77.3986
8.56   -89.1285   -81.3908   -77.1293
8.57   -88.8168   -81.1085   -76.8612
8.58   -88.5066   -80.8275   -76.5944
8.59   -88.1979   -80.5478   -76.3288
8.6   -87.8906   -80.2693   -76.0644
8.61   -87.5847   -79.9921   -75.8012
8.62   -87.2802   -79.7162   -75.5393
8.63   -86.9772   -79.4416   -75.2785
8.64   -86.6755   -79.1682   -75.0189
8.65   -86.3753   -78.8961   -74.7606
8.66   -86.0764   -78.6252   -74.5034
8.67   -85.7789   -78.3555   -74.2473
8.68   -85.4828   -78.0871   -73.9925
8.69   -85.188   -77.8199   -73.7388
8.7   -84.8946   -77.5539   -73.4863
8.71   -84.6025   -77.2891   -73.2349
8.72   -84.3118   -77.0255   -72.9846
8.73   -84.0224   -76.7631   -72.7355
8.74   -83.7343   -76.5019   -72.4875
8.75   -83.4475   -76.2418   -72.2407
8.76   -83.1621   -75.9829   -71.9949
8.77   -82.8779   -75.7252   -71.7503
8.78   -82.5951   -75.4687   -71.5068
8.79   -82.3135   -75.2133   -71.2643
8.8   -82.0332   -74.9591   -71.023
8.81   -81.7542   -74.706   -70.7828
8.82   -81.4764   -74.454   -70.5436
8.83   -81.1999   -74.2032   -70.3055
8.84   -80.9247   -73.9535   -70.0684
8.85   -80.6507   -73.7049   -69.8325
8.86   -80.3779   -73.4574   -69.5976
8.87   -80.1063   -73.211   -69.3637
8.88   -79.836   -72.9657   -69.1309
8.89   -79.5669   -72.7215   -68.8991
8.9   -79.299   -72.4784   -68.6683
8.91   -79.0323   -72.2363   -68.4386
8.92   -78.7668   -71.9954   -68.2099
8.93   -78.5025   -71.7555   -67.9822
8.94   -78.2393   -71.5166   -67.7555
8.95   -77.9774   -71.2788   -67.5299
8.96   -77.7166   -71.0421   -67.3052
8.97   -77.4569   -70.8064   -67.0815
8.98   -77.1985   -70.5717   -66.8588
8.99   -76.9411   -70.3381   -66.6371
9   -76.685   -70.1055   -66.4163
9.01   -76.4299   -69.874   -66.1966
9.02   -76.176   -69.6434   -65.9778
9.03   -75.9232   -69.4138   -65.7599
9.04   -75.6715   -69.1853   -65.543
9.05   -75.4209   -68.9578   -65.3271
9.06   -75.1715   -68.7312   -65.1121
9.07   -74.9231   -68.5056   -64.8981
9.08   -74.6758   -68.2811   -64.685
9.09   -74.4297   -68.0574   -64.4728
9.1   -74.1846   -67.8348   -64.2615
9.11   -73.9405   -67.6131   -64.0512
9.12   -73.6976   -67.3924   -63.8417
9.13   -73.4557   -67.1727   -63.6332
9.14   -73.2148   -66.9539   -63.4256
9.15   -72.9751   -66.736   -63.2189
9.16   -72.7363   -66.5191   -63.0131
9.17   -72.4986   -66.3032   -62.8082
9.18   -72.2619   -66.0881   -62.6041
9.19   -72.0263   -65.874   -62.401
9.2   -71.7917   -65.6608   -62.1987
9.21   -71.5581   -65.4485   -61.9973
9.22   -71.3255   -65.2371   -61.7967
9.23   -71.0939   -65.0267   -61.597
9.24   -70.8634   -64.8171   -61.3982
9.25   -70.6338   -64.6085   -61.2002
9.26   -70.4052   -64.4007   -61.0031
9.27   -70.1776   -64.1938   -60.8068
9.28   -69.951   -63.9878   -60.6114
9.29   -69.7253   -63.7827   -60.4168
9.3   -69.5007   -63.5784   -60.223
9.31   -69.2769   -63.375   -60.03
9.32   -69.0542   -63.1725   -59.8379
9.33   -68.8324   -62.9708   -59.6466
9.34   -68.6115   -62.77   -59.4561
9.35   -68.3916   -62.5701   -59.2664
9.36   -68.1726   -62.371   -59.0775
9.37   -67.9546   -62.1727   -58.8894
9.38   -67.7375   -61.9753   -58.7021
9.39   -67.5213   -61.7787   -58.5156
9.4   -67.3061   -61.5829   -58.3299
9.41   -67.0917   -61.3879   -58.145
9.42   -66.8783   -61.1938   -57.9608
9.43   -66.6657   -61.0005   -57.7775
9.44   -66.4541   -60.808   -57.5949
9.45   -66.2434   -60.6163   -57.413
9.46   -66.0335   -60.4254   -57.2319
9.47   -65.8245   -60.2353   -57.0516
9.48   -65.6164   -60.046   -56.8721
9.49   -65.4092   -59.8575   -56.6933
9.5   -65.2029   -59.6698   -56.5152
9.51   -64.9974   -59.4828   -56.3379
9.52   -64.7928   -59.2967   -56.1613
9.53   -64.5891   -59.1113   -55.9854
9.54   -64.3862   -58.9266   -55.8103
9.55   -64.1841   -58.7428   -55.636
9.56   -63.9829   -58.5597   -55.4623
9.57   -63.7826   -58.3774   -55.2893
9.58   -63.583   -58.1958   -55.1171
9.59   -63.3843   -58.0149   -54.9456
9.6   -63.1865   -57.8349   -54.7748
9.61   -62.9894   -57.6555   -54.6047
9.62   -62.7932   -57.4769   -54.4353
9.63   -62.5978   -57.299   -54.2666
9.64   -62.4032   -57.1219   -54.0986
9.65   -62.2094   -56.9455   -53.9313
9.66   -62.0164   -56.7698   -53.7647
9.67   -61.8242   -56.5948   -53.5988
9.68   -61.6328   -56.4206   -53.4335
9.69   -61.4421   -56.247   -53.2689
9.7   -61.2523   -56.0742   -53.105
9.71   -61.0633   -55.9021   -52.9418
9.72   -60.875   -55.7307   -52.7792
9.73   -60.6875   -55.5599   -52.6173
9.74   -60.5008   -55.3899   -52.4561
9.75   -60.3148   -55.2206   -52.2955
9.76   -60.1296   -55.0519   -52.1355
9.77   -59.9451   -54.8839   -51.9763
9.78   -59.7615   -54.7167   -51.8176
9.79   -59.5785   -54.55   -51.6596
9.8   -59.3963   -54.3841   -51.5023
9.81   -59.2149   -54.2188   -51.3456
9.82   -59.0341   -54.0542   -51.1895
9.83   -58.8542   -53.8903   -51.034
9.84   -58.6749   -53.727   -50.8792
9.85   -58.4964   -53.5644   -50.725
9.86   -58.3186   -53.4025   -50.5714
9.87   -58.1415   -53.2411   -50.4185
9.88   -57.9651   -53.0805   -50.2661
9.89   -57.7895   -52.9205   -50.1144
9.9   -57.6145   -52.7611   -49.9633
9.91   -57.4403   -52.6023   -49.8127
9.92   -57.2668   -52.4442   -49.6628
9.93   -57.0939   -52.2868   -49.5135
9.94   -56.9218   -52.1299   -49.3648
9.95   -56.7503   -51.9737   -49.2167
9.96   -56.5796   -51.8181   -49.0691
9.97   -56.4095   -51.6631   -48.9222
9.98   -56.2401   -51.5087   -48.7758
9.99   -56.0714   -51.355   -48.6301
10   -55.9033   -51.2018   -48.4849
10.01   -55.736   -51.0493   -48.3402
10.02   -55.5693   -50.8974   -48.1962
10.03   -55.4032   -50.746   -48.0527
10.04   -55.2378   -50.5953   -47.9098
10.05   -55.0731   -50.4452   -47.7674
10.06   -54.909   -50.2956   -47.6257
10.07   -54.7456   -50.1467   -47.4844
10.08   -54.5828   -49.9983   -47.3438
10.09   -54.4207   -49.8505   -47.2037
10.1   -54.2592   -49.7033   -47.0641
10.11   -54.0984   -49.5567   -46.9251
10.12   -53.9382   -49.4106   -46.7866
10.13   -53.7786   -49.2651   -46.6487
10.14   -53.6196   -49.1202   -46.5113
10.15   -53.4613   -48.9759   -46.3745
10.16   -53.3036   -48.8321   -46.2382
10.17   -53.1465   -48.6889   -46.1024
10.18   -52.9901   -48.5462   -45.9671
10.19   -52.8342   -48.4041   -45.8324
10.2   -52.679   -48.2625   -45.6982
10.21   -52.5243   -48.1215   -45.5645
10.22   -52.3703   -47.9811   -45.4314
10.23   -52.2169   -47.8411   -45.2988
10.24   -52.064   -47.7018   -45.1666
10.25   -51.9118   -47.5629   -45.035
10.26   -51.7602   -47.4246   -44.9039
10.27   -51.6091   -47.2869   -44.7733
10.28   -51.4586   -47.1497   -44.6433
10.29   -51.3088   -47.013   -44.5137
10.3   -51.1595   -46.8768   -44.3846
10.31   -51.0108   -46.7411   -44.256
10.32   -50.8626   -46.606   -44.1279
10.33   -50.715   -46.4714   -44.0003
10.34   -50.568   -46.3373   -43.8732
10.35   -50.4216   -46.2037   -43.7466
10.36   -50.2757   -46.0707   -43.6205
10.37   -50.1304   -45.9381   -43.4948
10.38   -49.9857   -45.8061   -43.3696
10.39   -49.8415   -45.6745   -43.245
10.4   -49.6979   -45.5435   -43.1207
10.41   -49.5548   -45.4129   -42.997
10.42   -49.4122   -45.2829   -42.8737
10.43   -49.2703   -45.1533   -42.7509
10.44   -49.1288   -45.0243   -42.6286
10.45   -48.9879   -44.8957   -42.5068
10.46   -48.8475   -44.7676   -42.3854
10.47   -48.7077   -44.64   -42.2644
10.48   -48.5684   -44.5129   -42.1439
10.49   -48.4296   -44.3863   -42.0239
10.5   -48.2914   -44.2601   -41.9044
10.51   -48.1537   -44.1345   -41.7852
10.52   -48.0165   -44.0093   -41.6666
10.53   -47.8798   -43.8845   -41.5484
10.54   -47.7437   -43.7603   -41.4306
10.55   -47.608   -43.6365   -41.3133
10.56   -47.4729   -43.5131   -41.1964
10.57   -47.3383   -43.3903   -41.0799
10.58   -47.2042   -43.2679   -40.9639
10.59   -47.0706   -43.1459   -40.8484
10.6   -46.9375   -43.0245   -40.7332
10.61   -46.8049   -42.9034   -40.6185
10.62   -46.6728   -42.7828   -40.5042
10.63   -46.5412   -42.6627   -40.3904
10.64   -46.4101   -42.543   -40.277
10.65   -46.2795   -42.4238   -40.164
10.66   -46.1494   -42.305   -40.0514
10.67   -46.0198   -42.1867   -39.9392
10.68   -45.8906   -42.0688   -39.8275
10.69   -45.762   -41.9513   -39.7162
10.7   -45.6338   -41.8343   -39.6053
10.71   -45.5061   -41.7177   -39.4948
10.72   -45.3788   -41.6015   -39.3847
10.73   -45.2521   -41.4858   -39.275
10.74   -45.1258   -41.3705   -39.1657
10.75   -45   -41.2556   -39.0569
10.76   -44.8746   -41.1411   -38.9484
10.77   -44.7497   -41.0271   -38.8403
10.78   -44.6253   -40.9135   -38.7327
10.79   -44.5014   -40.8003   -38.6254
10.8   -44.3779   -40.6875   -38.5185
10.81   -44.2548   -40.5751   -38.412
10.82   -44.1322   -40.4632   -38.3059
10.83   -44.0101   -40.3516   -38.2002
10.84   -43.8884   -40.2405   -38.0949
10.85   -43.7672   -40.1298   -37.99
10.86   -43.6464   -40.0194   -37.8854
10.87   -43.526   -39.9095   -37.7813
10.88   -43.4061   -39.8   -37.6775
10.89   -43.2867   -39.6909   -37.5741
10.9   -43.1676   -39.5822   -37.4711
10.91   -43.049   -39.4738   -37.3684
10.92   -42.9309   -39.3659   -37.2662
10.93   -42.8132   -39.2584   -37.1643
10.94   -42.6959   -39.1512   -37.0627
10.95   -42.579   -39.0445   -36.9616
10.96   -42.4625   -38.9381   -36.8608
10.97   -42.3465   -38.8321   -36.7604
10.98   -42.2309   -38.7265   -36.6603
10.99   -42.1158   -38.6213   -36.5606
11   -42.001   -38.5164   -36.4613
11.01   -41.8867   -38.412   -36.3623
11.02   -41.7727   -38.3079   -36.2636
11.03   -41.6592   -38.2042   -36.1654
11.04   -41.5461   -38.1008   -36.0675
11.05   -41.4334   -37.9979   -35.9699
11.06   -41.3211   -37.8953   -35.8727
11.07   -41.2093   -37.7931   -35.7758
11.08   -41.0978   -37.6912   -35.6793
11.09   -40.9867   -37.5897   -35.5832
11.1   -40.876   -37.4886   -35.4873
11.11   -40.7658   -37.3878   -35.3919
11.12   -40.6559   -37.2874   -35.2967
11.13   -40.5464   -37.1873   -35.2019
11.14   -40.4373   -37.0876   -35.1075
11.15   -40.3286   -36.9883   -35.0133
11.16   -40.2203   -36.8893   -34.9196
11.17   -40.1124   -36.7907   -34.8261
11.18   -40.0048   -36.6924   -34.733
11.19   -39.8977   -36.5945   -34.6402
11.2   -39.7909   -36.4969   -34.5477
11.21   -39.6845   -36.3996   -34.4556
11.22   -39.5785   -36.3027   -34.3638
11.23   -39.4728   -36.2062   -34.2723
11.24   -39.3676   -36.11   -34.1812
11.25   -39.2627   -36.0141   -34.0904
11.26   -39.1582   -35.9186   -33.9998
11.27   -39.054   -35.8234   -33.9097
11.28   -38.9503   -35.7285   -33.8198
11.29   -38.8469   -35.634   -33.7302
11.3   -38.7438   -35.5398   -33.641
11.31   -38.6411   -35.4459   -33.5521
11.32   -38.5388   -35.3524   -33.4635
11.33   -38.4369   -35.2592   -33.3752
11.34   -38.3353   -35.1663   -33.2872
11.35   -38.234   -35.0738   -33.1995
11.36   -38.1332   -34.9815   -33.1121
11.37   -38.0326   -34.8896   -33.025
11.38   -37.9325   -34.7981   -32.9383
11.39   -37.8326   -34.7068   -32.8518
11.4   -37.7332   -34.6158   -32.7657
11.41   -37.634   -34.5252   -32.6798
11.42   -37.5353   -34.4349   -32.5942
11.43   -37.4368   -34.3449   -32.509
11.44   -37.3387   -34.2552   -32.424
11.45   -37.241   -34.1658   -32.3394
11.46   -37.1436   -34.0768   -32.255
11.47   -37.0465   -33.988   -32.1709
11.48   -36.9498   -33.8996   -32.0871
11.49   -36.8534   -33.8114   -32.0036
11.5   -36.7573   -33.7236   -31.9204
11.51   -36.6616   -33.636   -31.8375
11.52   -36.5662   -33.5488   -31.7548
11.53   -36.4712   -33.4619   -31.6725
11.54   -36.3764   -33.3753   -31.5904
11.55   -36.282   -33.2889   -31.5086
11.56   -36.188   -33.2029   -31.4271
11.57   -36.0942   -33.1171   -31.3459
11.58   -36.0008   -33.0317   -31.265
11.59   -35.9077   -32.9465   -31.1843
11.6   -35.8149   -32.8617   -31.1039
11.61   -35.7224   -32.7771   -31.0238
11.62   -35.6303   -32.6928   -30.944
11.63   -35.5385   -32.6088   -30.8644
11.64   -35.4469   -32.5251   -30.7851
11.65   -35.3557   -32.4417   -30.7061
11.66   -35.2649   -32.3586   -30.6274
11.67   -35.1743   -32.2757   -30.5489
11.68   -35.084   -32.1931   -30.4707
11.69   -34.994   -32.1109   -30.3927
11.7   -34.9044   -32.0289   -30.315
11.71   -34.8151   -31.9471   -30.2376
11.72   -34.726   -31.8657   -30.1605
11.73   -34.6373   -31.7845   -30.0836
11.74   -34.5488   -31.7036   -30.0069
11.75   -34.4607   -31.623   -29.9306
11.76   -34.3729   -31.5426   -29.8544
11.77   -34.2853   -31.4625   -29.7786
11.78   -34.1981   -31.3827   -29.703
11.79   -34.1111   -31.3032   -29.6276
11.8   -34.0245   -31.2239   -29.5526
11.81   -33.9381   -31.1449   -29.4777
11.82   -33.8521   -31.0661   -29.4031
11.83   -33.7663   -30.9877   -29.3288
11.84   -33.6808   -30.9094   -29.2547
11.85   -33.5956   -30.8315   -29.1809
11.86   -33.5107   -30.7538   -29.1073
11.87   -33.4261   -30.6764   -29.034
11.88   -33.3418   -30.5992   -28.9609
11.89   -33.2577   -30.5223   -28.888
11.9   -33.1739   -30.4456   -28.8154
11.91   -33.0904   -30.3692   -28.7431
11.92   -33.0072   -30.2931   -28.6709
11.93   -32.9243   -30.2172   -28.5991
11.94   -32.8416   -30.1416   -28.5274
11.95   -32.7593   -30.0662   -28.456
11.96   -32.6772   -29.991   -28.3849
11.97   -32.5953   -29.9162   -28.3139
11.98   -32.5138   -29.8415   -28.2432
11.99   -32.4325   -29.7671   -28.1728
12   -32.3515   -29.693   -28.1026
12.01   -32.2707   -29.6191   -28.0326
12.02   -32.1902   -29.5454   -27.9628
12.03   -32.11   -29.472   -27.8933
12.04   -32.0301   -29.3989   -27.824
12.05   -31.9504   -29.326   -27.7549
12.06   -31.871   -29.2533   -27.6861
12.07   -31.7919   -29.1808   -27.6175
12.08   -31.713   -29.1086   -27.5491
12.09   -31.6343   -29.0367   -27.4809
12.1   -31.556   -28.9649   -27.413
12.11   -31.4779   -28.8934   -27.3453
12.12   -31.4   -28.8222   -27.2778
12.13   -31.3224   -28.7511   -27.2105
12.14   -31.2451   -28.6804   -27.1435
12.15   -31.168   -28.6098   -27.0767
12.16   -31.0912   -28.5395   -27.0101
12.17   -31.0146   -28.4694   -26.9437
12.18   -30.9383   -28.3995   -26.8775
12.19   -30.8622   -28.3299   -26.8115
12.2   -30.7864   -28.2604   -26.7458
12.21   -30.7108   -28.1912   -26.6803
12.22   -30.6354   -28.1223   -26.615
12.23   -30.5604   -28.0535   -26.5499
12.24   -30.4855   -27.985   -26.485
12.25   -30.4109   -27.9167   -26.4203
12.26   -30.3366   -27.8487   -26.3558
12.27   -30.2624   -27.7808   -26.2916
12.28   -30.1886   -27.7132   -26.2275
12.29   -30.1149   -27.6458   -26.1637
12.3   -30.0416   -27.5786   -26.1
12.31   -29.9684   -27.5116   -26.0366
12.32   -29.8955   -27.4448   -25.9734
12.33   -29.8228   -27.3783   -25.9104
12.34   -29.7504   -27.312   -25.8476
12.35   -29.6782   -27.2458   -25.785
12.36   -29.6062   -27.1799   -25.7225
12.37   -29.5344   -27.1143   -25.6603
12.38   -29.4629   -27.0488   -25.5983
12.39   -29.3916   -26.9835   -25.5365
12.4   -29.3206   -26.9184   -25.4749
12.41   -29.2498   -26.8536   -25.4135
12.42   -29.1792   -26.789   -25.3523
12.43   -29.1088   -26.7245   -25.2913
12.44   -29.0387   -26.6603   -25.2304
12.45   -28.9687   -26.5963   -25.1698
12.46   -28.8991   -26.5324   -25.1094
12.47   -28.8296   -26.4688   -25.0491
12.48   -28.7603   -26.4054   -24.9891
12.49   -28.6913   -26.3422   -24.9292
12.5   -28.6225   -26.2792   -24.8695
12.51   -28.5539   -26.2164   -24.8101
12.52   -28.4856   -26.1538   -24.7508
12.53   -28.4174   -26.0914   -24.6917
12.54   -28.3495   -26.0292   -24.6328
12.55   -28.2818   -25.9671   -24.574
12.56   -28.2143   -25.9053   -24.5155
12.57   -28.147   -25.8437   -24.4571
12.58   -28.0799   -25.7823   -24.399
12.59   -28.0131   -25.721   -24.341
12.6   -27.9464   -25.66   -24.2832
12.61   -27.88   -25.5992   -24.2256
12.62   -27.8138   -25.5385   -24.1681
12.63   -27.7477   -25.478   -24.1109
12.64   -27.6819   -25.4178   -24.0538
12.65   -27.6163   -25.3577   -23.9969
12.66   -27.551   -25.2978   -23.9402
12.67   -27.4858   -25.2381   -23.8837
12.68   -27.4208   -25.1786   -23.8273
12.69   -27.356   -25.1192   -23.7711
12.7   -27.2914   -25.0601   -23.7151
12.71   -27.2271   -25.0011   -23.6593
12.72   -27.1629   -24.9423   -23.6036
12.73   -27.099   -24.8837   -23.5482
12.74   -27.0352   -24.8253   -23.4928
12.75   -26.9716   -24.7671   -23.4377
12.76   -26.9083   -24.7091   -23.3827
12.77   -26.8451   -24.6512   -23.328
12.78   -26.7821   -24.5935   -23.2733
12.79   -26.7194   -24.536   -23.2189
12.8   -26.6568   -24.4787   -23.1646
12.81   -26.5944   -24.4215   -23.1105
12.82   -26.5322   -24.3646   -23.0566
12.83   -26.4702   -24.3078   -23.0028
12.84   -26.4084   -24.2512   -22.9492
12.85   -26.3468   -24.1947   -22.8957
12.86   -26.2854   -24.1385   -22.8425
12.87   -26.2242   -24.0824   -22.7893
12.88   -26.1632   -24.0265   -22.7364
12.89   -26.1023   -23.9707   -22.6836
12.9   -26.0417   -23.9151   -22.631
12.91   -25.9812   -23.8597   -22.5785
12.92   -25.9209   -23.8045   -22.5262
12.93   -25.8608   -23.7494   -22.4741
12.94   -25.8009   -23.6945   -22.4221
12.95   -25.7412   -23.6398   -22.3703
12.96   -25.6816   -23.5853   -22.3187
12.97   -25.6223   -23.5309   -22.2672
12.98   -25.5631   -23.4767   -22.2158
12.99   -25.5041   -23.4226   -22.1646
13   -25.4453   -23.3687   -22.1136
13.01   -25.3867   -23.315   -22.0628
13.02   -25.3282   -23.2614   -22.012
13.03   -25.27   -23.208   -21.9615
13.04   -25.2119   -23.1548   -21.9111
13.05   -25.1539   -23.1017   -21.8608
13.06   -25.0962   -23.0488   -21.8107
13.07   -25.0387   -22.9961   -21.7608
13.08   -24.9813   -22.9435   -21.711
13.09   -24.9241   -22.8911   -21.6614
13.1   -24.867   -22.8388   -21.6119
13.11   -24.8102   -22.7867   -21.5626
13.12   -24.7535   -22.7348   -21.5134
13.13   -24.697   -22.683   -21.4643
13.14   -24.6406   -22.6313   -21.4155
13.15   -24.5844   -22.5799   -21.3667
13.16   -24.5284   -22.5285   -21.3181
13.17   -24.4726   -22.4774   -21.2697
13.18   -24.417   -22.4263   -21.2214
13.19   -24.3615   -22.3755   -21.1732
13.2   -24.3061   -22.3248   -21.1252
13.21   -24.251   -22.2742   -21.0774
13.22   -24.196   -22.2238   -21.0296
13.23   -24.1412   -22.1736   -20.9821
13.24   -24.0865   -22.1235   -20.9346
13.25   -24.032   -22.0735   -20.8874
13.26   -23.9777   -22.0237   -20.8402
13.27   -23.9235   -21.9741   -20.7932
13.28   -23.8695   -21.9246   -20.7463
13.29   -23.8157   -21.8753   -20.6996
13.3   -23.762   -21.8261   -20.653
13.31   -23.7085   -21.777   -20.6066
13.32   -23.6551   -21.7281   -20.5603
13.33   -23.6019   -21.6793   -20.5141
13.34   -23.5489   -21.6307   -20.4681
13.35   -23.496   -21.5822   -20.4222
13.36   -23.4433   -21.5339   -20.3765
13.37   -23.3907   -21.4857   -20.3308
13.38   -23.3383   -21.4377   -20.2854
13.39   -23.2861   -21.3898   -20.24
13.4   -23.234   -21.3421   -20.1948
13.41   -23.182   -21.2944   -20.1497
13.42   -23.1302   -21.247   -20.1048
13.43   -23.0786   -21.1996   -20.06
13.44   -23.0271   -21.1525   -20.0153
13.45   -22.9758   -21.1054   -19.9708
13.46   -22.9246   -21.0585   -19.9264
13.47   -22.8736   -21.0117   -19.8821
13.48   -22.8228   -20.9651   -19.8379
13.49   -22.772   -20.9186   -19.7939
13.5   -22.7215   -20.8722   -19.75
13.51   -22.6711   -20.826   -19.7063
13.52   -22.6208   -20.7799   -19.6626
13.53   -22.5707   -20.734   -19.6191
13.54   -22.5207   -20.6882   -19.5758
13.55   -22.4709   -20.6425   -19.5325
13.56   -22.4212   -20.597   -19.4894
13.57   -22.3717   -20.5515   -19.4464
13.58   -22.3223   -20.5063   -19.4036
13.59   -22.273   -20.4611   -19.3608
13.6   -22.2239   -20.4161   -19.3182
13.61   -22.175   -20.3712   -19.2757
13.62   -22.1262   -20.3265   -19.2333
13.63   -22.0775   -20.2819   -19.1911
13.64   -22.029   -20.2374   -19.149
13.65   -21.9806   -20.193   -19.107
13.66   -21.9324   -20.1488   -19.0651
13.67   -21.8843   -20.1047   -19.0234
13.68   -21.8363   -20.0607   -18.9818
13.69   -21.7885   -20.0169   -18.9402
13.7   -21.7408   -19.9732   -18.8989
13.71   -21.6933   -19.9296   -18.8576
13.72   -21.6459   -19.8861   -18.8165
13.73   -21.5986   -19.8428   -18.7754
13.74   -21.5515   -19.7996   -18.7345
13.75   -21.5045   -19.7565   -18.6937
13.76   -21.4577   -19.7135   -18.6531
13.77   -21.4109   -19.6707   -18.6125
13.78   -21.3644   -19.628   -18.5721
13.79   -21.3179   -19.5854   -18.5318
13.8   -21.2716   -19.5429   -18.4916
13.81   -21.2254   -19.5006   -18.4515
13.82   -21.1794   -19.4583   -18.4115
13.83   -21.1335   -19.4162   -18.3717
13.84   -21.0877   -19.3743   -18.3319
13.85   -21.0421   -19.3324   -18.2923
13.86   -20.9966   -19.2907   -18.2528
13.87   -20.9512   -19.2491   -18.2134
13.88   -20.9059   -19.2076   -18.1741
13.89   -20.8608   -19.1662   -18.1349
13.9   -20.8158   -19.1249   -18.0959
13.91   -20.7709   -19.0838   -18.0569
13.92   -20.7262   -19.0428   -18.0181
13.93   -20.6816   -19.0019   -17.9794
13.94   -20.6371   -18.9611   -17.9408
13.95   -20.5928   -18.9204   -17.9023
13.96   -20.5486   -18.8798   -17.8639
13.97   -20.5045   -18.8394   -17.8256
13.98   -20.4605   -18.7991   -17.7874
13.99   -20.4167   -18.7589   -17.7494
14   -20.3729   -18.7188   -17.7114
14.01   -20.3293   -18.6788   -17.6736
14.02   -20.2859   -18.6389   -17.6358
14.03   -20.2425   -18.5992   -17.5982
14.04   -20.1993   -18.5595   -17.5607
14.05   -20.1562   -18.52   -17.5232
14.06   -20.1132   -18.4806   -17.4859
14.07   -20.0704   -18.4413   -17.4487
14.08   -20.0276   -18.4021   -17.4116
14.09   -19.985   -18.363   -17.3746
14.1   -19.9425   -18.324   -17.3377
14.11   -19.9002   -18.2851   -17.3009
14.12   -19.8579   -18.2464   -17.2643
14.13   -19.8158   -18.2078   -17.2277
14.14   -19.7738   -18.1692   -17.1912
14.15   -19.7319   -18.1308   -17.1548
14.16   -19.6901   -18.0925   -17.1186
14.17   -19.6484   -18.0543   -17.0824
14.18   -19.6069   -18.0162   -17.0463
14.19   -19.5655   -17.9782   -17.0104
14.2   -19.5242   -17.9403   -16.9745
14.21   -19.483   -17.9025   -16.9387
14.22   -19.4419   -17.8648   -16.9031
14.23   -19.401   -17.8272   -16.8675
14.24   -19.3601   -17.7898   -16.832
14.25   -19.3194   -17.7524   -16.7967
14.26   -19.2788   -17.7152   -16.7614
14.27   -19.2383   -17.678   -16.7262
14.28   -19.1979   -17.641   -16.6912
14.29   -19.1576   -17.604   -16.6562
14.3   -19.1174   -17.5672   -16.6213
14.31   -19.0774   -17.5304   -16.5865
14.32   -19.0374   -17.4938   -16.5519
14.33   -18.9976   -17.4573   -16.5173
14.34   -18.9579   -17.4208   -16.4828
14.35   -18.9183   -17.3845   -16.4484
14.36   -18.8788   -17.3483   -16.4141
14.37   -18.8394   -17.3121   -16.3799
14.38   -18.8001   -17.2761   -16.3458
14.39   -18.761   -17.2402   -16.3118
14.4   -18.7219   -17.2043   -16.2779
14.41   -18.683   -17.1686   -16.244
14.42   -18.6441   -17.133   -16.2103
14.43   -18.6054   -17.0974   -16.1767
14.44   -18.5668   -17.062   -16.1431
14.45   -18.5282   -17.0266   -16.1097
14.46   -18.4898   -16.9914   -16.0763
14.47   -18.4515   -16.9563   -16.0431
14.48   -18.4133   -16.9212   -16.0099
14.49   -18.3752   -16.8863   -15.9768
14.5   -18.3372   -16.8514   -15.9438
14.51   -18.2993   -16.8166   -15.9109
14.52   -18.2616   -16.782   -15.8781
14.53   -18.2239   -16.7474   -15.8454
14.54   -18.1863   -16.7129   -15.8127
14.55   -18.1488   -16.6785   -15.7802
14.56   -18.1115   -16.6443   -15.7478
14.57   -18.0742   -16.6101   -15.7154
14.58   -18.037   -16.576   -15.6831
14.59   -18   -16.542   -15.6509
14.6   -17.963   -16.5081   -15.6188
14.61   -17.9262   -16.4742   -15.5868
14.62   -17.8894   -16.4405   -15.5549
14.63   -17.8527   -16.4069   -15.5231
14.64   -17.8162   -16.3733   -15.4913
14.65   -17.7797   -16.3399   -15.4596
14.66   -17.7434   -16.3065   -15.4281
14.67   -17.7071   -16.2732   -15.3966
14.68   -17.6709   -16.2401   -15.3652
14.69   -17.6349   -16.207   -15.3338
14.7   -17.5989   -16.174   -15.3026
14.71   -17.563   -16.1411   -15.2715
14.72   -17.5273   -16.1082   -15.2404
14.73   -17.4916   -16.0755   -15.2094
14.74   -17.456   -16.0429   -15.1785
14.75   -17.4205   -16.0103   -15.1477
14.76   -17.3852   -15.9778   -15.117
14.77   -17.3499   -15.9454   -15.0863
14.78   -17.3147   -15.9132   -15.0558
14.79   -17.2796   -15.8809   -15.0253
14.8   -17.2446   -15.8488   -14.9949
14.81   -17.2097   -15.8168   -14.9645
14.82   -17.1749   -15.7848   -14.9343
14.83   -17.1401   -15.753   -14.9042
14.84   -17.1055   -15.7212   -14.8741
14.85   -17.071   -15.6895   -14.8441
14.86   -17.0365   -15.6579   -14.8142
14.87   -17.0022   -15.6264   -14.7843
14.88   -16.9679   -15.595   -14.7546
14.89   -16.9338   -15.5636   -14.7249
14.9   -16.8997   -15.5323   -14.6953
14.91   -16.8657   -15.5012   -14.6658
14.92   -16.8318   -15.4701   -14.6364
14.93   -16.798   -15.439   -14.607
14.94   -16.7643   -15.4081   -14.5777
14.95   -16.7307   -15.3772   -14.5485
14.96   -16.6972   -15.3465   -14.5194
14.97   -16.6637   -15.3158   -14.4904
14.98   -16.6304   -15.2852   -14.4614
14.99   -16.5971   -15.2547   -14.4325
15   -16.564   -15.2242   -14.4037
15.01   -16.5309   -15.1938   -14.375
15.02   -16.4979   -15.1636   -14.3463
15.03   -16.465   -15.1334   -14.3177
15.04   -16.4321   -15.1032   -14.2892
15.05   -16.3994   -15.0732   -14.2608
15.06   -16.3668   -15.0432   -14.2324
15.07   -16.3342   -15.0134   -14.2041
15.08   -16.3017   -14.9835   -14.1759
15.09   -16.2693   -14.9538   -14.1478
15.1   -16.237   -14.9242   -14.1197
15.11   -16.2048   -14.8946   -14.0917
15.12   -16.1727   -14.8651   -14.0638
15.13   -16.1406   -14.8357   -14.036
15.14   -16.1087   -14.8064   -14.0082
15.15   -16.0768   -14.7771   -13.9805
15.16   -16.045   -14.7479   -13.9529
15.17   -16.0133   -14.7188   -13.9254
15.18   -15.9817   -14.6898   -13.8979
15.19   -15.9501   -14.6608   -13.8705
15.2   -15.9187   -14.632   -13.8432
15.21   -15.8873   -14.6032   -13.8159
15.22   -15.856   -14.5744   -13.7887
15.23   -15.8248   -14.5458   -13.7616
15.24   -15.7937   -14.5172   -13.7346
15.25   -15.7626   -14.4887   -13.7076
15.26   -15.7316   -14.4603   -13.6807
15.27   -15.7008   -14.4319   -13.6539
15.28   -15.67   -14.4037   -13.6271
15.29   -15.6392   -14.3755   -13.6004
15.3   -15.6086   -14.3473   -13.5738
15.31   -15.578   -14.3193   -13.5472
15.32   -15.5475   -14.2913   -13.5207
15.33   -15.5171   -14.2634   -13.4943
15.34   -15.4868   -14.2355   -13.468
15.35   -15.4566   -14.2078   -13.4417
15.36   -15.4264   -14.1801   -13.4155
15.37   -15.3963   -14.1525   -13.3894
15.38   -15.3663   -14.1249   -13.3633
15.39   -15.3363   -14.0974   -13.3373
15.4   -15.3065   -14.07   -13.3113
15.41   -15.2767   -14.0427   -13.2855
15.42   -15.247   -14.0154   -13.2597
15.43   -15.2174   -13.9882   -13.2339
15.44   -15.1878   -13.9611   -13.2083
15.45   -15.1584   -13.9341   -13.1827
15.46   -15.129   -13.9071   -13.1571
15.47   -15.0996   -13.8802   -13.1316
15.48   -15.0704   -13.8533   -13.1062
15.49   -15.0412   -13.8265   -13.0809
15.5   -15.0121   -13.7998   -13.0556
15.51   -14.9831   -13.7732   -13.0304
15.52   -14.9542   -13.7466   -13.0053
15.53   -14.9253   -13.7201   -12.9802
15.54   -14.8965   -13.6937   -12.9552
15.55   -14.8678   -13.6673   -12.9302
15.56   -14.8391   -13.641   -12.9053
15.57   -14.8106   -13.6148   -12.8805
15.58   -14.7821   -13.5886   -12.8557
15.59   -14.7536   -13.5625   -12.831
15.6   -14.7253   -13.5365   -12.8064
15.61   -14.697   -13.5105   -12.7818
15.62   -14.6688   -13.4846   -12.7573
15.63   -14.6407   -13.4588   -12.7329
15.64   -14.6126   -13.433   -12.7085
15.65   -14.5846   -13.4073   -12.6842
15.66   -14.5567   -13.3817   -12.6599
15.67   -14.5288   -13.3561   -12.6357
15.68   -14.5011   -13.3306   -12.6116
15.69   -14.4733   -13.3052   -12.5875
15.7   -14.4457   -13.2798   -12.5635
15.71   -14.4181   -13.2545   -12.5395
15.72   -14.3906   -13.2292   -12.5156
15.73   -14.3632   -13.2041   -12.4918
15.74   -14.3359   -13.1789   -12.468
15.75   -14.3086   -13.1539   -12.4443
15.76   -14.2813   -13.1289   -12.4207
15.77   -14.2542   -13.104   -12.3971
15.78   -14.2271   -13.0791   -12.3735
15.79   -14.2001   -13.0543   -12.3501
15.8   -14.1732   -13.0296   -12.3267
15.81   -14.1463   -13.0049   -12.3033
15.82   -14.1195   -12.9803   -12.28
15.83   -14.0927   -12.9557   -12.2568
15.84   -14.0661   -12.9312   -12.2336
15.85   -14.0394   -12.9068   -12.2105
15.86   -14.0129   -12.8824   -12.1874
15.87   -13.9864   -12.8581   -12.1644
15.88   -13.96   -12.8339   -12.1415
15.89   -13.9337   -12.8097   -12.1186
15.9   -13.9074   -12.7856   -12.0958
15.91   -13.8812   -12.7615   -12.073
15.92   -13.8551   -12.7375   -12.0503
15.93   -13.829   -12.7136   -12.0276
15.94   -13.803   -12.6897   -12.005
15.95   -13.777   -12.6658   -11.9825
15.96   -13.7512   -12.6421   -11.96
15.97   -13.7253   -12.6184   -11.9375
15.98   -13.6996   -12.5947   -11.9152
15.99   -13.6739   -12.5711   -11.8929
16   -13.6483   -12.5476   -11.8706
16.01   -13.6227   -12.5242   -11.8484
16.02   -13.5972   -12.5007   -11.8262
16.03   -13.5718   -12.4774   -11.8041
16.04   -13.5464   -12.4541   -11.7821
16.05   -13.5211   -12.4309   -11.7601
16.06   -13.4959   -12.4077   -11.7382
16.07   -13.4707   -12.3846   -11.7163
16.08   -13.4456   -12.3615   -11.6945
16.09   -13.4205   -12.3385   -11.6727
16.1   -13.3955   -12.3155   -11.651
16.11   -13.3706   -12.2926   -11.6293
16.12   -13.3457   -12.2698   -11.6077
16.13   -13.3209   -12.247   -11.5861
16.14   -13.2962   -12.2243   -11.5646
16.15   -13.2715   -12.2016   -11.5432
16.16   -13.2469   -12.179   -11.5218
16.17   -13.2223   -12.1565   -11.5004
16.18   -13.1978   -12.134   -11.4791
16.19   -13.1734   -12.1115   -11.4579
16.2   -13.149   -12.0891   -11.4367
16.21   -13.1247   -12.0668   -11.4156
16.22   -13.1004   -12.0445   -11.3945
16.23   -13.0762   -12.0223   -11.3735
16.24   -13.0521   -12.0001   -11.3525
16.25   -13.028   -11.978   -11.3316
16.26   -13.004   -11.956   -11.3107
16.27   -12.98   -11.934   -11.2899
16.28   -12.9561   -11.912   -11.2691
16.29   -12.9323   -11.8901   -11.2484
16.3   -12.9085   -11.8683   -11.2277
16.31   -12.8847   -11.8465   -11.2071
16.32   -12.8611   -11.8247   -11.1865
16.33   -12.8375   -11.803   -11.166
16.34   -12.8139   -11.7814   -11.1455
16.35   -12.7904   -11.7598   -11.1251
16.36   -12.767   -11.7383   -11.1047
16.37   -12.7436   -11.7168   -11.0844
16.38   -12.7203   -11.6954   -11.0641
16.39   -12.697   -11.674   -11.0439
16.4   -12.6738   -11.6527   -11.0237
16.41   -12.6506   -11.6315   -11.0036
16.42   -12.6275   -11.6102   -10.9835
16.43   -12.6045   -11.5891   -10.9635
16.44   -12.5815   -11.568   -10.9435
16.45   -12.5586   -11.5469   -10.9236
16.46   -12.5357   -11.5259   -10.9037
16.47   -12.5129   -11.5049   -10.8839
16.48   -12.4901   -11.484   -10.8641
16.49   -12.4674   -11.4632   -10.8444
16.5   -12.4447   -11.4424   -10.8247
16.51   -12.4221   -11.4216   -10.805
16.52   -12.3996   -11.4009   -10.7854
16.53   -12.3771   -11.3803   -10.7659
16.54   -12.3547   -11.3596   -10.7464
16.55   -12.3323   -11.3391   -10.7269
16.56   -12.31   -11.3186   -10.7075
16.57   -12.2877   -11.2981   -10.6882
16.58   -12.2655   -11.2777   -10.6689
16.59   -12.2433   -11.2574   -10.6496
16.6   -12.2212   -11.237   -10.6304
16.61   -12.1991   -11.2168   -10.6112
16.62   -12.1771   -11.1966   -10.5921
16.63   -12.1552   -11.1764   -10.573
16.64   -12.1333   -11.1563   -10.554
16.65   -12.1114   -11.1362   -10.535
16.66   -12.0896   -11.1162   -10.516
16.67   -12.0679   -11.0962   -10.4971
16.68   -12.0462   -11.0763   -10.4783
16.69   -12.0245   -11.0564   -10.4595
16.7   -12.003   -11.0366   -10.4407
16.71   -11.9814   -11.0168   -10.422
16.72   -11.9599   -10.9971   -10.4033
16.73   -11.9385   -10.9774   -10.3847
16.74   -11.9171   -10.9578   -10.3661
16.75   -11.8958   -10.9382   -10.3476
16.76   -11.8745   -10.9186   -10.3291
16.77   -11.8533   -10.8991   -10.3106
16.78   -11.8321   -10.8797   -10.2922
16.79   -11.811   -10.8603   -10.2739
16.8   -11.7899   -10.8409   -10.2555
16.81   -11.7689   -10.8216   -10.2373
16.82   -11.7479   -10.8023   -10.219
16.83   -11.727   -10.7831   -10.2008
16.84   -11.7061   -10.7639   -10.1827
16.85   -11.6852   -10.7448   -10.1646
16.86   -11.6645   -10.7257   -10.1465
16.87   -11.6437   -10.7066   -10.1285
16.88   -11.6231   -10.6877   -10.1105
16.89   -11.6024   -10.6687   -10.0926
16.9   -11.5818   -10.6498   -10.0747
16.91   -11.5613   -10.6309   -10.0568
16.92   -11.5408   -10.6121   -10.039
16.93   -11.5204   -10.5933   -10.0213
16.94   -11.5   -10.5746   -10.0035
16.95   -11.4796   -10.5559   -9.98587
16.96   -11.4594   -10.5373   -9.96823
16.97   -11.4391   -10.5187   -9.95063
16.98   -11.4189   -10.5001   -9.93307
16.99   -11.3988   -10.4816   -9.91556
17   -11.3787   -10.4631   -9.89808
17.01   -11.3586   -10.4447   -9.88065
17.02   -11.3386   -10.4263   -9.86326
17.03   -11.3186   -10.408   -9.84591
17.04   -11.2987   -10.3897   -9.82859
17.05   -11.2788   -10.3715   -9.81132
17.06   -11.259   -10.3532   -9.79409
17.07   -11.2392   -10.3351   -9.7769
17.08   -11.2195   -10.317   -9.75975
17.09   -11.1998   -10.2989   -9.74264
17.1   -11.1802   -10.2808   -9.72558
17.11   -11.1606   -10.2628   -9.70855
17.12   -11.1411   -10.2449   -9.69156
17.13   -11.1216   -10.227   -9.6746
17.14   -11.1021   -10.2091   -9.65769
17.15   -11.0827   -10.1913   -9.64082
17.16   -11.0633   -10.1735   -9.62399
17.17   -11.044   -10.1557   -9.6072
17.18   -11.0247   -10.138   -9.59044
17.19   -11.0055   -10.1204   -9.57373
17.2   -10.9863   -10.1027   -9.55705
17.21   -10.9672   -10.0851   -9.54041
17.22   -10.9481   -10.0676   -9.52381
17.23   -10.929   -10.0501   -9.50725
17.24   -10.91   -10.0326   -9.49073
17.25   -10.8911   -10.0152   -9.47425
17.26   -10.8721   -9.99784   -9.4578
17.27   -10.8533   -9.9805   -9.44139
17.28   -10.8344   -9.9632   -9.42502
17.29   -10.8157   -9.94594   -9.40869
17.3   -10.7969   -9.92872   -9.3924
17.31   -10.7782   -9.91154   -9.37614
17.32   -10.7595   -9.8944   -9.35992
17.33   -10.7409   -9.87729   -9.34374
17.34   -10.7224   -9.86023   -9.32759
17.35   -10.7038   -9.84321   -9.31149
17.36   -10.6853   -9.82622   -9.29542
17.37   -10.6669   -9.80928   -9.27938
17.38   -10.6485   -9.79237   -9.26339
17.39   -10.6301   -9.77551   -9.24743
17.4   -10.6118   -9.75868   -9.2315
17.41   -10.5935   -9.74189   -9.21562
17.42   -10.5753   -9.72514   -9.19976
17.43   -10.5571   -9.70842   -9.18395
17.44   -10.539   -9.69175   -9.16817
17.45   -10.5209   -9.67511   -9.15243
17.46   -10.5028   -9.65851   -9.13672
17.47   -10.4848   -9.64195   -9.12106
17.48   -10.4668   -9.62543   -9.10542
17.49   -10.4488   -9.60894   -9.08982
17.5   -10.4309   -9.59249   -9.07426
17.51   -10.4131   -9.57608   -9.05873
17.52   -10.3953   -9.55971   -9.04324
17.53   -10.3775   -9.54338   -9.02778
17.54   -10.3597   -9.52708   -9.01236
17.55   -10.342   -9.51082   -8.99698
17.56   -10.3244   -9.49459   -8.98162
17.57   -10.3068   -9.4784   -8.96631
17.58   -10.2892   -9.46225   -8.95103
17.59   -10.2716   -9.44614   -8.93578
17.6   -10.2542   -9.43006   -8.92057
17.61   -10.2367   -9.41402   -8.90539
17.62   -10.2193   -9.39802   -8.89025
17.63   -10.2019   -9.38205   -8.87514
17.64   -10.1846   -9.36611   -8.86006
17.65   -10.1673   -9.35022   -8.84502
17.66   -10.15   -9.33436   -8.83001
17.67   -10.1328   -9.31853   -8.81504
17.68   -10.1156   -9.30274   -8.8001
17.69   -10.0984   -9.28699   -8.7852
17.7   -10.0813   -9.27127   -8.77032
17.71   -10.0643   -9.25559   -8.75549
17.72   -10.0472   -9.23994   -8.74068
17.73   -10.0302   -9.22433   -8.72591
17.74   -10.0133   -9.20876   -8.71117
17.75   -9.99638   -9.19322   -8.69647
17.76   -9.9795   -9.17771   -8.6818
17.77   -9.96266   -9.16224   -8.66716
17.78   -9.94586   -9.1468   -8.65255
17.79   -9.9291   -9.1314   -8.63798
17.8   -9.91237   -9.11603   -8.62344
17.81   -9.89569   -9.1007   -8.60893
17.82   -9.87904   -9.0854   -8.59445
17.83   -9.86242   -9.07013   -8.58001
17.84   -9.84585   -9.0549   -8.5656
17.85   -9.82931   -9.03971   -8.55122
17.86   -9.81281   -9.02454   -8.53687
17.87   -9.79634   -9.00941   -8.52256
17.88   -9.77992   -8.99432   -8.50828
17.89   -9.76353   -8.97926   -8.49403
17.9   -9.74717   -8.96423   -8.47981
17.91   -9.73085   -8.94924   -8.46562
17.92   -9.71457   -8.93428   -8.45147
17.93   -9.69833   -8.91935   -8.43734
17.94   -9.68212   -8.90445   -8.42325
17.95   -9.66595   -8.88959   -8.40919
17.96   -9.64981   -8.87477   -8.39516
17.97   -9.63371   -8.85997   -8.38116
17.98   -9.61764   -8.84521   -8.36719
17.99   -9.60161   -8.83048   -8.35326
18   -9.58562   -8.81578   -8.33935
18.01   -9.56966   -8.80112   -8.32548
18.02   -9.55374   -8.78649   -8.31163
18.03   -9.53785   -8.77189   -8.29782
18.04   -9.522   -8.75732   -8.28404
18.05   -9.50618   -8.74279   -8.27029
18.06   -9.4904   -8.72828   -8.25656
18.07   -9.47465   -8.71381   -8.24287
18.08   -9.45894   -8.69937   -8.22921
18.09   -9.44326   -8.68497   -8.21558
18.1   -9.42762   -8.67059   -8.20198
18.11   -9.41201   -8.65625   -8.18841
18.12   -9.39644   -8.64194   -8.17487
18.13   -9.3809   -8.62766   -8.16136
18.14   -9.36539   -8.61341   -8.14788
18.15   -9.34992   -8.59919   -8.13442
18.16   -9.33448   -8.585   -8.121
18.17   -9.31908   -8.57085   -8.10761
18.18   -9.30371   -8.55673   -8.09425
18.19   -9.28837   -8.54263   -8.08091
18.2   -9.27307   -8.52857   -8.06761
18.21   -9.2578   -8.51454   -8.05433
18.22   -9.24257   -8.50054   -8.04109
18.23   -9.22737   -8.48657   -8.02787
18.24   -9.2122   -8.47263   -8.01468
18.25   -9.19706   -8.45872   -8.00152
18.26   -9.18196   -8.44484   -7.98839
18.27   -9.16689   -8.431   -7.97529
18.28   -9.15186   -8.41718   -7.96221
18.29   -9.13685   -8.40339   -7.94917
18.3   -9.12188   -8.38963   -7.93615
18.31   -9.10694   -8.37591   -7.92316
18.32   -9.09204   -8.36221   -7.91021
18.33   -9.07717   -8.34854   -7.89727
18.34   -9.06233   -8.3349   -7.88437
18.35   -9.04752   -8.3213   -7.8715
18.36   -9.03274   -8.30772   -7.85865
18.37   -9.018   -8.29417   -7.84583
18.38   -9.00329   -8.28065   -7.83304
18.39   -8.98861   -8.26716   -7.82027
18.4   -8.97396   -8.2537   -7.80754
18.41   -8.95935   -8.24027   -7.79483
18.42   -8.94476   -8.22686   -7.78215
18.43   -8.93021   -8.21349   -7.7695
18.44   -8.91569   -8.20014   -7.75687
18.45   -8.9012   -8.18683   -7.74427
18.46   -8.88674   -8.17354   -7.7317
18.47   -8.87232   -8.16028   -7.71916
18.48   -8.85792   -8.14705   -7.70664
18.49   -8.84356   -8.13385   -7.69415
18.5   -8.82922   -8.12068   -7.68169
18.51   -8.81492   -8.10754   -7.66925
18.52   -8.80065   -8.09442   -7.65684
18.53   -8.78641   -8.08133   -7.64446
18.54   -8.7722   -8.06827   -7.6321
18.55   -8.75802   -8.05524   -7.61977
18.56   -8.74387   -8.04224   -7.60747
18.57   -8.72975   -8.02926   -7.5952
18.58   -8.71567   -8.01632   -7.58295
18.59   -8.70161   -8.0034   -7.57072
18.6   -8.68758   -7.99051   -7.55852
18.61   -8.67358   -7.97764   -7.54635
18.62   -8.65962   -7.9648   -7.53421
18.63   -8.64568   -7.952   -7.52209
18.64   -8.63177   -7.93921   -7.51
18.65   -8.6179   -7.92646   -7.49793
18.66   -8.60405   -7.91373   -7.48589
18.67   -8.59023   -7.90103   -7.47387
18.68   -8.57644   -7.88836   -7.46188
18.69   -8.56268   -7.87572   -7.44992
18.7   -8.54895   -7.8631   -7.43798
18.71   -8.53525   -7.85051   -7.42607
18.72   -8.52158   -7.83794   -7.41418
18.73   -8.50794   -7.8254   -7.40232
18.74   -8.49433   -7.81289   -7.39048
18.75   -8.48074   -7.80041   -7.37867
18.76   -8.46719   -7.78795   -7.36688
18.77   -8.45366   -7.77552   -7.35512
18.78   -8.44017   -7.76311   -7.34338
18.79   -8.4267   -7.75073   -7.33167
18.8   -8.41326   -7.73838   -7.31999
18.81   -8.39985   -7.72606   -7.30832
18.82   -8.38646   -7.71376   -7.29669
18.83   -8.37311   -7.70148   -7.28508
18.84   -8.35978   -7.68923   -7.27349
18.85   -8.34649   -7.67701   -7.26192
18.86   -8.33322   -7.66482   -7.25039
18.87   -8.31997   -7.65265   -7.23887
18.88   -8.30676   -7.6405   -7.22738
18.89   -8.29358   -7.62838   -7.21592
18.9   -8.28042   -7.61629   -7.20447
18.91   -8.26729   -7.60422   -7.19306
18.92   -8.25419   -7.59218   -7.18166
18.93   -8.24111   -7.58016   -7.17029
18.94   -8.22807   -7.56817   -7.15895
18.95   -8.21505   -7.5562   -7.14763
18.96   -8.20206   -7.54426   -7.13633
18.97   -8.18909   -7.53235   -7.12506
18.98   -8.17615   -7.52046   -7.11381
18.99   -8.16324   -7.50859   -7.10258
19   -8.15036   -7.49675   -7.09138
19.01   -8.13751   -7.48493   -7.0802
19.02   -8.12468   -7.47314   -7.06904
19.03   -8.11188   -7.46138   -7.05791
19.04   -8.0991   -7.44964   -7.0468
19.05   -8.08635   -7.43792   -7.03572
19.06   -8.07363   -7.42623   -7.02465
19.07   -8.06094   -7.41456   -7.01362
19.08   -8.04827   -7.40291   -7.0026
19.09   -8.03563   -7.39129   -6.99161
19.1   -8.02302   -7.3797   -6.98064
19.11   -8.01043   -7.36813   -6.96969
19.12   -7.99786   -7.35658   -6.95877
19.13   -7.98533   -7.34506   -6.94786
19.14   -7.97282   -7.33356   -6.93699
19.15   -7.96034   -7.32209   -6.92613
19.16   -7.94788   -7.31064   -6.9153
19.17   -7.93545   -7.29921   -6.90449
19.18   -7.92304   -7.28781   -6.8937
19.19   -7.91066   -7.27643   -6.88293
19.2   -7.89831   -7.26507   -6.87219
19.21   -7.88598   -7.25374   -6.86147
19.22   -7.87368   -7.24243   -6.85077
19.23   -7.8614   -7.23115   -6.84009
19.24   -7.84915   -7.21989   -6.82944
19.25   -7.83692   -7.20865   -6.81881
19.26   -7.82472   -7.19743   -6.8082
19.27   -7.81255   -7.18624   -6.79761
19.28   -7.8004   -7.17507   -6.78704
19.29   -7.78827   -7.16393   -6.7765
19.3   -7.77617   -7.15281   -6.76597
19.31   -7.7641   -7.14171   -6.75547
19.32   -7.75205   -7.13063   -6.745
19.33   -7.74002   -7.11958   -6.73454
19.34   -7.72802   -7.10855   -6.7241
19.35   -7.71605   -7.09754   -6.71369
19.36   -7.7041   -7.08655   -6.7033
19.37   -7.69217   -7.07559   -6.69292
19.38   -7.68027   -7.06465   -6.68257
19.39   -7.66839   -7.05373   -6.67225
19.4   -7.65654   -7.04284   -6.66194
19.41   -7.64471   -7.03197   -6.65165
19.42   -7.63291   -7.02112   -6.64139
19.43   -7.62113   -7.01029   -6.63114
19.44   -7.60937   -6.99948   -6.62092
19.45   -7.59764   -6.9887   -6.61072
19.46   -7.58594   -6.97794   -6.60054
19.47   -7.57425   -6.9672   -6.59038
19.48   -7.5626   -6.95648   -6.58024
19.49   -7.55096   -6.94579   -6.57012
19.5   -7.53935   -6.93511   -6.56002
19.51   -7.52776   -6.92446   -6.54995
19.52   -7.5162   -6.91383   -6.53989
19.53   -7.50466   -6.90323   -6.52985
19.54   -7.49314   -6.89264   -6.51984
19.55   -7.48165   -6.88208   -6.50984
19.56   -7.47018   -6.87153   -6.49987
19.57   -7.45874   -6.86101   -6.48992
19.58   -7.44731   -6.85051   -6.47998
19.59   -7.43591   -6.84003   -6.47007
19.6   -7.42454   -6.82958   -6.46017
19.61   -7.41319   -6.81914   -6.4503
19.62   -7.40186   -6.80872   -6.44045
19.63   -7.39055   -6.79833   -6.43062
19.64   -7.37927   -6.78796   -6.4208
19.65   -7.36801   -6.77761   -6.41101
19.66   -7.35677   -6.76728   -6.40124
19.67   -7.34556   -6.75697   -6.39148
19.68   -7.33436   -6.74668   -6.38175
19.69   -7.32319   -6.73641   -6.37204
19.7   -7.31205   -6.72617   -6.36234
19.71   -7.30092   -6.71594   -6.35267
19.72   -7.28982   -6.70573   -6.34301
19.73   -7.27874   -6.69555   -6.33338
19.74   -7.26769   -6.68539   -6.32376
19.75   -7.25665   -6.67524   -6.31417
19.76   -7.24564   -6.66512   -6.30459
19.77   -7.23465   -6.65502   -6.29503
19.78   -7.22369   -6.64494   -6.28549
19.79   -7.21274   -6.63487   -6.27598
19.8   -7.20182   -6.62483   -6.26648
19.81   -7.19092   -6.61481   -6.257
19.82   -7.18004   -6.60481   -6.24753
19.83   -7.16918   -6.59483   -6.23809
19.84   -7.15835   -6.58487   -6.22867
19.85   -7.14753   -6.57493   -6.21926
19.86   -7.13674   -6.56501   -6.20988
19.87   -7.12597   -6.55511   -6.20051
19.88   -7.11522   -6.54523   -6.19116
19.89   -7.1045   -6.53537   -6.18184
19.9   -7.09379   -6.52553   -6.17252
19.91   -7.08311   -6.5157   -6.16323
19.92   -7.07245   -6.5059   -6.15396
19.93   -7.06181   -6.49612   -6.14471
19.94   -7.05119   -6.48636   -6.13547
19.95   -7.04059   -6.47661   -6.12625
19.96   -7.03001   -6.46689   -6.11705
19.97   -7.01946   -6.45719   -6.10787
19.98   -7.00892   -6.4475   -6.09871
19.99   -6.99841   -6.43784   -6.08957
