2.01   -20279   -10865.5
2.02   -19979.3   -10809.2
2.03   -19685.5   -10751.3
2.04   -19397.4   -10691.7
2.05   -19114.9   -10630.7
2.06   -18837.9   -10568.3
2.07   -18566.2   -10504.7
2.08   -18299.7   -10440
2.09   -18038.3   -10374.2
2.1   -17781.8   -10307.5
2.11   -17530.2   -10239.9
2.12   -17283.3   -10171.6
2.13   -17041   -10102.6
2.14   -16803.2   -10032.9
2.15   -16569.9   -9962.74
2.16   -16340.8   -9892.07
2.17   -16115.9   -9820.99
2.18   -15895.2   -9749.55
2.19   -15678.4   -9677.81
2.2   -15465.6   -9605.82
2.21   -15256.6   -9533.64
2.22   -15051.4   -9461.31
2.23   -14849.8   -9388.87
2.24   -14651.8   -9316.38
2.25   -14457.3   -9243.86
2.26   -14266.2   -9171.36
2.27   -14078.5   -9098.91
2.28   -13894.1   -9026.55
2.29   -13712.9   -8954.3
2.3   -13534.8   -8882.2
2.31   -13359.8   -8810.27
2.32   -13187.7   -8738.54
2.33   -13018.7   -8667.04
2.34   -12852.5   -8595.78
2.35   -12689.1   -8524.79
2.36   -12528.5   -8454.09
2.37   -12370.6   -8383.69
2.38   -12215.3   -8313.62
2.39   -12062.6   -8243.89
2.4   -11912.4   -8174.52
2.41   -11764.8   -8105.52
2.42   -11619.5   -8036.9
2.43   -11476.7   -7968.68
2.44   -11336.1   -7900.87
2.45   -11197.9   -7833.47
2.46   -11061.9   -7766.5
2.47   -10928.1   -7699.97
2.48   -10796.4   -7633.88
2.49   -10666.9   -7568.24
2.5   -10539.4   -7503.06
2.51   -10413.9   -7438.35
2.52   -10290.4   -7374.11
2.53   -10168.9   -7310.34
2.54   -10049.2   -7247.06
2.55   -9931.48   -7184.25
2.56   -9815.55   -7121.94
2.57   -9701.41   -7060.11
2.58   -9589.04   -6998.78
2.59   -9478.4   -6937.95
2.6   -9369.46   -6877.61
2.61   -9262.17   -6817.77
2.62   -9156.52   -6758.43
2.63   -9052.47   -6699.59
2.64   -8949.99   -6641.25
2.65   -8849.05   -6583.41
2.66   -8749.63   -6526.07
2.67   -8651.68   -6469.24
2.68   -8555.2   -6412.9
2.69   -8460.14   -6357.06
2.7   -8366.49   -6301.73
2.71   -8274.21   -6246.88
2.72   -8183.29   -6192.54
2.73   -8093.69   -6138.69
2.74   -8005.39   -6085.33
2.75   -7918.38   -6032.46
2.76   -7832.62   -5980.08
2.77   -7748.1   -5928.19
2.78   -7664.79   -5876.78
2.79   -7582.66   -5825.85
2.8   -7501.71   -5775.4
2.81   -7421.91   -5725.42
2.82   -7343.23   -5675.92
2.83   -7265.66   -5626.89
2.84   -7189.18   -5578.33
2.85   -7113.77   -5530.23
2.86   -7039.41   -5482.59
2.87   -6966.08   -5435.41
2.88   -6893.77   -5388.69
2.89   -6822.46   -5342.41
2.9   -6752.12   -5296.59
2.91   -6682.75   -5251.21
2.92   -6614.33   -5206.27
2.93   -6546.84   -5161.77
2.94   -6480.26   -5117.7
2.95   -6414.58   -5074.07
2.96   -6349.79   -5030.86
2.97   -6285.87   -4988.08
2.98   -6222.8   -4945.71
2.99   -6160.57   -4903.77
3   -6099.17   -4862.23
3.01   -6038.58   -4821.11
3.02   -5978.79   -4780.39
3.03   -5919.79   -4740.08
3.04   -5861.57   -4700.16
3.05   -5804.1   -4660.64
3.06   -5747.38   -4621.5
3.07   -5691.4   -4582.76
3.08   -5636.15   -4544.4
3.09   -5581.6   -4506.42
3.1   -5527.76   -4468.82
3.11   -5474.61   -4431.59
3.12   -5422.14   -4394.72
3.13   -5370.34   -4358.23
3.14   -5319.19   -4322.1
3.15   -5268.69   -4286.32
3.16   -5218.83   -4250.9
3.17   -5169.6   -4215.83
3.18   -5120.98   -4181.11
3.19   -5072.97   -4146.74
3.2   -5025.56   -4112.7
3.21   -4978.74   -4079
3.22   -4932.5   -4045.64
3.23   -4886.83   -4012.61
3.24   -4841.72   -3979.9
3.25   -4797.16   -3947.52
3.26   -4753.15   -3915.46
3.27   -4709.68   -3883.72
3.28   -4666.73   -3852.29
3.29   -4624.31   -3821.17
3.3   -4582.4   -3790.36
3.31   -4540.99   -3759.85
3.32   -4500.08   -3729.64
3.33   -4459.66   -3699.73
3.34   -4419.72   -3670.12
3.35   -4380.26   -3640.79
3.36   -4341.27   -3611.76
3.37   -4302.74   -3583.01
3.38   -4264.66   -3554.54
3.39   -4227.03   -3526.36
3.4   -4189.84   -3498.44
3.41   -4153.09   -3470.81
3.42   -4116.77   -3443.44
3.43   -4080.86   -3416.34
3.44   -4045.38   -3389.5
3.45   -4010.3   -3362.93
3.46   -3975.63   -3336.61
3.47   -3941.36   -3310.55
3.48   -3907.48   -3284.75
3.49   -3873.99   -3259.19
3.5   -3840.88   -3233.88
3.51   -3808.14   -3208.82
3.52   -3775.78   -3184
3.53   -3743.78   -3159.42
3.54   -3712.14   -3135.08
3.55   -3680.86   -3110.97
3.56   -3649.93   -3087.1
3.57   -3619.34   -3063.45
3.58   -3589.1   -3040.03
3.59   -3559.19   -3016.84
3.6   -3529.61   -2993.87
3.61   -3500.36   -2971.11
3.62   -3471.43   -2948.58
3.63   -3442.82   -2926.26
3.64   -3414.52   -2904.15
3.65   -3386.54   -2882.26
3.66   -3358.85   -2860.57
3.67   -3331.47   -2839.09
3.68   -3304.39   -2817.81
3.69   -3277.6   -2796.73
3.7   -3251.09   -2775.85
3.71   -3224.87   -2755.17
3.72   -3198.94   -2734.69
3.73   -3173.28   -2714.39
3.74   -3147.89   -2694.29
3.75   -3122.77   -2674.38
3.76   -3097.92   -2654.65
3.77   -3073.34   -2635.11
3.78   -3049.01   -2615.75
3.79   -3024.94   -2596.57
3.8   -3001.12   -2577.57
3.81   -2977.55   -2558.74
3.82   -2954.23   -2540.1
3.83   -2931.15   -2521.62
3.84   -2908.31   -2503.31
3.85   -2885.71   -2485.18
3.86   -2863.34   -2467.21
3.87   -2841.2   -2449.41
3.88   -2819.29   -2431.77
3.89   -2797.6   -2414.29
3.9   -2776.13   -2396.97
3.91   -2754.89   -2379.82
3.92   -2733.86   -2362.81
3.93   -2713.04   -2345.97
3.94   -2692.44   -2329.28
3.95   -2672.04   -2312.73
3.96   -2651.85   -2296.34
3.97   -2631.86   -2280.1
3.98   -2612.07   -2264.01
3.99   -2592.48   -2248.06
4   -2573.09   -2232.25
4.01   -2553.88   -2216.59
4.02   -2534.87   -2201.07
4.03   -2516.05   -2185.69
4.04   -2497.41   -2170.44
4.05   -2478.96   -2155.33
4.06   -2460.69   -2140.36
4.07   -2442.59   -2125.52
4.08   -2424.68   -2110.81
4.09   -2406.94   -2096.24
4.1   -2389.37   -2081.79
4.11   -2371.97   -2067.47
4.12   -2354.74   -2053.28
4.13   -2337.68   -2039.21
4.14   -2320.78   -2025.27
4.15   -2304.04   -2011.45
4.16   -2287.46   -1997.75
4.17   -2271.05   -1984.17
4.18   -2254.79   -1970.71
4.19   -2238.68   -1957.37
4.2   -2222.73   -1944.14
4.21   -2206.93   -1931.03
4.22   -2191.28   -1918.04
4.23   -2175.77   -1905.15
4.24   -2160.41   -1892.38
4.25   -2145.2   -1879.72
4.26   -2130.13   -1867.17
4.27   -2115.2   -1854.72
4.28   -2100.41   -1842.39
4.29   -2085.75   -1830.16
4.3   -2071.23   -1818.03
4.31   -2056.85   -1806.01
4.32   -2042.6   -1794.09
4.33   -2028.48   -1782.28
4.34   -2014.49   -1770.56
4.35   -2000.63   -1758.94
4.36   -1986.9   -1747.42
4.37   -1973.29   -1736
4.38   -1959.8   -1724.68
4.39   -1946.44   -1713.45
4.4   -1933.2   -1702.32
4.41   -1920.08   -1691.28
4.42   -1907.07   -1680.33
4.43   -1894.19   -1669.48
4.44   -1881.42   -1658.72
4.45   -1868.76   -1648.04
4.46   -1856.22   -1637.46
4.47   -1843.79   -1626.96
4.48   -1831.47   -1616.55
4.49   -1819.26   -1606.23
4.5   -1807.16   -1595.99
4.51   -1795.17   -1585.84
4.52   -1783.28   -1575.77
4.53   -1771.49   -1565.79
4.54   -1759.81   -1555.88
4.55   -1748.24   -1546.06
4.56   -1736.76   -1536.32
4.57   -1725.38   -1526.66
4.58   -1714.11   -1517.08
4.59   -1702.93   -1507.57
4.6   -1691.85   -1498.15
4.61   -1680.86   -1488.8
4.62   -1669.97   -1479.52
4.63   -1659.17   -1470.32
4.64   -1648.47   -1461.2
4.65   -1637.86   -1452.15
4.66   -1627.33   -1443.17
4.67   -1616.9   -1434.27
4.68   -1606.56   -1425.43
4.69   -1596.3   -1416.67
4.7   -1586.14   -1407.98
4.71   -1576.06   -1399.35
4.72   -1566.06   -1390.8
4.73   -1556.15   -1382.31
4.74   -1546.32   -1373.89
4.75   -1536.57   -1365.54
4.76   -1526.91   -1357.26
4.77   -1517.33   -1349.04
4.78   -1507.82   -1340.88
4.79   -1498.4   -1332.79
4.8   -1489.05   -1324.76
4.81   -1479.79   -1316.8
4.82   -1470.6   -1308.9
4.83   -1461.48   -1301.06
4.84   -1452.44   -1293.28
4.85   -1443.47   -1285.56
4.86   -1434.58   -1277.91
4.87   -1425.76   -1270.31
4.88   -1417.02   -1262.77
4.89   -1408.34   -1255.29
4.9   -1399.74   -1247.87
4.91   -1391.2   -1240.5
4.92   -1382.74   -1233.2
4.93   -1374.34   -1225.94
4.94   -1366.01   -1218.75
4.95   -1357.75   -1211.61
4.96   -1349.55   -1204.52
4.97   -1341.42   -1197.49
4.98   -1333.36   -1190.51
4.99   -1325.36   -1183.59
5   -1317.42   -1176.71
5.01   -1309.55   -1169.89
5.02   -1301.74   -1163.12
5.03   -1293.99   -1156.41
5.04   -1286.3   -1149.74
5.05   -1278.68   -1143.13
5.06   -1271.11   -1136.56
5.07   -1263.6   -1130.04
5.08   -1256.16   -1123.57
5.09   -1248.77   -1117.15
5.1   -1241.43   -1110.78
5.11   -1234.16   -1104.46
5.12   -1226.94   -1098.18
5.13   -1219.78   -1091.95
5.14   -1212.68   -1085.77
5.15   -1205.63   -1079.63
5.16   -1198.63   -1073.54
5.17   -1191.69   -1067.49
5.18   -1184.8   -1061.49
5.19   -1177.96   -1055.53
5.2   -1171.18   -1049.62
5.21   -1164.45   -1043.75
5.22   -1157.77   -1037.92
5.23   -1151.14   -1032.13
5.24   -1144.57   -1026.39
5.25   -1138.04   -1020.69
5.26   -1131.56   -1015.03
5.27   -1125.13   -1009.41
5.28   -1118.75   -1003.84
5.29   -1112.42   -998.299
5.3   -1106.13   -992.802
5.31   -1099.89   -987.345
5.32   -1093.7   -981.927
5.33   -1087.56   -976.549
5.34   -1081.46   -971.209
5.35   -1075.41   -965.907
5.36   -1069.4   -960.643
5.37   -1063.44   -955.417
5.38   -1057.52   -950.229
5.39   -1051.64   -945.077
5.4   -1045.81   -939.962
5.41   -1040.02   -934.884
5.42   -1034.28   -929.841
5.43   -1028.57   -924.834
5.44   -1022.91   -919.863
5.45   -1017.29   -914.927
5.46   -1011.71   -910.025
5.47   -1006.17   -905.158
5.48   -1000.67   -900.326
5.49   -995.216   -895.527
5.5   -989.797   -890.762
5.51   -984.418   -886.03
5.52   -979.078   -881.331
5.53   -973.776   -876.665
5.54   -968.512   -872.032
5.55   -963.286   -867.43
5.56   -958.098   -862.861
5.57   -952.947   -858.323
5.58   -947.833   -853.817
5.59   -942.755   -849.342
5.6   -937.714   -844.897
5.61   -932.708   -840.484
5.62   -927.738   -836.1
5.63   -922.803   -831.747
5.64   -917.904   -827.424
5.65   -913.038   -823.13
5.66   -908.208   -818.865
5.67   -903.411   -814.63
5.68   -898.648   -810.423
5.69   -893.918   -806.245
5.7   -889.221   -802.095
5.71   -884.558   -797.974
5.72   -879.926   -793.88
5.73   -875.327   -789.814
5.74   -870.761   -785.775
5.75   -866.225   -781.764
5.76   -861.722   -777.779
5.77   -857.249   -773.822
5.78   -852.807   -769.891
5.79   -848.396   -765.986
5.8   -844.015   -762.107
5.81   -839.665   -758.254
5.82   -835.344   -754.427
5.83   -831.053   -750.625
5.84   -826.791   -746.849
5.85   -822.559   -743.097
5.86   -818.355   -739.37
5.87   -814.179   -735.668
5.88   -810.032   -731.991
5.89   -805.914   -728.338
5.9   -801.823   -724.708
5.91   -797.759   -721.103
5.92   -793.724   -717.521
5.93   -789.715   -713.962
5.94   -785.733   -710.427
5.95   -781.778   -706.915
5.96   -777.85   -703.426
5.97   -773.947   -699.96
5.98   -770.071   -696.516
5.99   -766.221   -693.094
6   -762.396   -689.695
6.01   -758.597   -686.318
6.02   -754.823   -682.962
6.03   -751.074   -679.628
6.04   -747.349   -676.316
6.05   -743.649   -673.024
6.06   -739.974   -669.754
6.07   -736.323   -666.505
6.08   -732.696   -663.277
6.09   -729.092   -660.069
6.1   -725.512   -656.882
6.11   -721.956   -653.715
6.12   -718.423   -650.568
6.13   -714.913   -647.442
6.14   -711.425   -644.335
6.15   -707.961   -641.248
6.16   -704.518   -638.18
6.17   -701.098   -635.132
6.18   -697.7   -632.102
6.19   -694.324   -629.092
6.2   -690.97   -626.101
6.21   -687.638   -623.129
6.22   -684.326   -620.175
6.23   -681.036   -617.24
6.24   -677.767   -614.323
6.25   -674.519   -611.424
6.26   -671.292   -608.544
6.27   -668.085   -605.681
6.28   -664.899   -602.836
6.29   -661.733   -600.009
6.3   -658.586   -597.199
6.31   -655.46   -594.407
6.32   -652.354   -591.632
6.33   -649.267   -588.874
6.34   -646.2   -586.133
6.35   -643.151   -583.409
6.36   -640.122   -580.701
6.37   -637.112   -578.01
6.38   -634.121   -575.336
6.39   -631.149   -572.678
6.4   -628.195   -570.036
6.41   -625.26   -567.41
6.42   -622.342   -564.801
6.43   -619.443   -562.207
6.44   -616.562   -559.629
6.45   -613.699   -557.066
6.46   -610.853   -554.519
6.47   -608.025   -551.988
6.48   -605.215   -549.471
6.49   -602.421   -546.97
6.5   -599.645   -544.484
6.51   -596.886   -542.013
6.52   -594.144   -539.556
6.53   -591.418   -537.115
6.54   -588.71   -534.688
6.55   -586.017   -532.275
6.56   -583.342   -529.877
6.57   -580.682   -527.493
6.58   -578.038   -525.124
6.59   -575.411   -522.768
6.6   -572.799   -520.426
6.61   -570.204   -518.099
6.62   -567.624   -515.785
6.63   -565.059   -513.484
6.64   -562.51   -511.198
6.65   -559.976   -508.924
6.66   -557.457   -506.664
6.67   -554.954   -504.418
6.68   -552.465   -502.184
6.69   -549.992   -499.964
6.7   -547.533   -497.757
6.71   -545.088   -495.562
6.72   -542.658   -493.38
6.73   -540.243   -491.211
6.74   -537.842   -489.055
6.75   -535.455   -486.911
6.76   -533.082   -484.78
6.77   -530.724   -482.661
6.78   -528.379   -480.554
6.79   -526.048   -478.459
6.8   -523.73   -476.377
6.81   -521.426   -474.306
6.82   -519.136   -472.247
6.83   -516.859   -470.2
6.84   -514.596   -468.165
6.85   -512.345   -466.142
6.86   -510.108   -464.13
6.87   -507.884   -462.13
6.88   -505.672   -460.141
6.89   -503.474   -458.163
6.9   -501.288   -456.197
6.91   -499.115   -454.241
6.92   -496.954   -452.297
6.93   -494.806   -450.364
6.94   -492.67   -448.442
6.95   -490.546   -446.531
6.96   -488.435   -444.63
6.97   -486.336   -442.74
6.98   -484.248   -440.861
6.99   -482.173   -438.992
7   -480.109   -437.134
7.01   -478.058   -435.286
7.02   -476.018   -433.449
7.03   -473.989   -431.622
7.04   -471.972   -429.805
7.05   -469.967   -427.998
7.06   -467.972   -426.201
7.07   -465.99   -424.415
7.08   -464.018   -422.638
7.09   -462.057   -420.871
7.1   -460.108   -419.114
7.11   -458.169   -417.366
7.12   -456.241   -415.628
7.13   -454.324   -413.9
7.14   -452.418   -412.181
7.15   -450.522   -410.472
7.16   -448.637   -408.772
7.17   -446.763   -407.081
7.18   -444.899   -405.4
7.19   -443.045   -403.728
7.2   -441.201   -402.065
7.21   -439.368   -400.411
7.22   -437.545   -398.766
7.23   -435.732   -397.13
7.24   -433.929   -395.503
7.25   -432.136   -393.885
7.26   -430.353   -392.275
7.27   -428.579   -390.675
7.28   -426.816   -389.083
7.29   -425.062   -387.499
7.3   -423.317   -385.924
7.31   -421.582   -384.358
7.32   -419.857   -382.8
7.33   -418.141   -381.25
7.34   -416.434   -379.709
7.35   -414.737   -378.176
7.36   -413.048   -376.651
7.37   -411.369   -375.134
7.38   -409.699   -373.625
7.39   -408.038   -372.125
7.4   -406.386   -370.632
7.41   -404.743   -369.147
7.42   -403.109   -367.67
7.43   -401.484   -366.201
7.44   -399.867   -364.74
7.45   -398.259   -363.287
7.46   -396.66   -361.841
7.47   -395.069   -360.403
7.48   -393.486   -358.972
7.49   -391.912   -357.549
7.5   -390.347   -356.133
7.51   -388.79   -354.725
7.52   -387.241   -353.324
7.53   -385.7   -351.931
7.54   -384.167   -350.545
7.55   -382.643   -349.166
7.56   -381.126   -347.794
7.57   -379.618   -346.43
7.58   -378.118   -345.072
7.59   -376.625   -343.722
7.6   -375.14   -342.378
7.61   -373.663   -341.042
7.62   -372.194   -339.712
7.63   -370.733   -338.389
7.64   -369.279   -337.074
7.65   -367.832   -335.764
7.66   -366.394   -334.462
7.67   -364.963   -333.166
7.68   -363.539   -331.877
7.69   -362.122   -330.595
7.7   -360.713   -329.319
7.71   -359.312   -328.05
7.72   -357.917   -326.787
7.73   -356.53   -325.531
7.74   -355.15   -324.281
7.75   -353.777   -323.037
7.76   -352.411   -321.8
7.77   -351.052   -320.569
7.78   -349.7   -319.344
7.79   -348.355   -318.126
7.8   -347.017   -316.914
7.81   -345.686   -315.707
7.82   -344.361   -314.507
7.83   -343.043   -313.313
7.84   -341.732   -312.125
7.85   -340.428   -310.943
7.86   -339.13   -309.767
7.87   -337.839   -308.597
7.88   -336.555   -307.432
7.89   -335.277   -306.274
7.9   -334.005   -305.121
7.91   -332.74   -303.974
7.92   -331.481   -302.833
7.93   -330.229   -301.697
7.94   -328.983   -300.567
7.95   -327.743   -299.443
7.96   -326.509   -298.324
7.97   -325.282   -297.211
7.98   -324.06   -296.103
7.99   -322.845   -295.001
8   -321.636   -293.904
8.01   -320.433   -292.813
8.02   -319.236   -291.727
8.03   -318.044   -290.646
8.04   -316.859   -289.571
8.05   -315.68   -288.5
8.06   -314.506   -287.436
8.07   -313.339   -286.376
8.08   -312.177   -285.322
8.09   -311.02   -284.272
8.1   -309.87   -283.228
8.11   -308.725   -282.189
8.12   -307.586   -281.155
8.13   -306.452   -280.126
8.14   -305.324   -279.102
8.15   -304.202   -278.083
8.16   -303.085   -277.069
8.17   -301.973   -276.06
8.18   -300.867   -275.056
8.19   -299.766   -274.056
8.2   -298.671   -273.062
8.21   -297.581   -272.072
8.22   -296.496   -271.087
8.23   -295.417   -270.106
8.24   -294.342   -269.131
8.25   -293.273   -268.16
8.26   -292.209   -267.193
8.27   -291.151   -266.232
8.28   -290.097   -265.275
8.29   -289.049   -264.322
8.3   -288.005   -263.374
8.31   -286.967   -262.431
8.32   -285.933   -261.492
8.33   -284.905   -260.557
8.34   -283.881   -259.627
8.35   -282.862   -258.701
8.36   -281.848   -257.78
8.37   -280.839   -256.863
8.38   -279.835   -255.951
8.39   -278.836   -255.042
8.4   -277.841   -254.138
8.41   -276.851   -253.238
8.42   -275.866   -252.343
8.43   -274.885   -251.451
8.44   -273.909   -250.564
8.45   -272.938   -249.681
8.46   -271.971   -248.802
8.47   -271.009   -247.928
8.48   -270.052   -247.057
8.49   -269.099   -246.19
8.5   -268.15   -245.328
8.51   -267.206   -244.469
8.52   -266.266   -243.615
8.53   -265.331   -242.764
8.54   -264.4   -241.917
8.55   -263.473   -241.074
8.56   -262.551   -240.236
8.57   -261.633   -239.401
8.58   -260.719   -238.569
8.59   -259.809   -237.742
8.6   -258.904   -236.919
8.61   -258.003   -236.099
8.62   -257.106   -235.283
8.63   -256.214   -234.471
8.64   -255.325   -233.662
8.65   -254.44   -232.858
8.66   -253.56   -232.056
8.67   -252.684   -231.259
8.68   -251.811   -230.465
8.69   -250.943   -229.675
8.7   -250.079   -228.889
8.71   -249.218   -228.106
8.72   -248.362   -227.326
8.73   -247.509   -226.55
8.74   -246.661   -225.778
8.75   -245.816   -225.009
8.76   -244.975   -224.243
8.77   -244.138   -223.481
8.78   -243.305   -222.723
8.79   -242.475   -221.968
8.8   -241.65   -221.216
8.81   -240.828   -220.468
8.82   -240.01   -219.723
8.83   -239.195   -218.981
8.84   -238.384   -218.243
8.85   -237.577   -217.508
8.86   -236.774   -216.776
8.87   -235.974   -216.048
8.88   -235.177   -215.323
8.89   -234.385   -214.601
8.9   -233.595   -213.882
8.91   -232.81   -213.167
8.92   -232.028   -212.454
8.93   -231.249   -211.745
8.94   -230.474   -211.039
8.95   -229.702   -210.336
8.96   -228.934   -209.636
8.97   -228.169   -208.94
8.98   -227.408   -208.246
8.99   -226.65   -207.555
9   -225.895   -206.868
9.01   -225.144   -206.183
9.02   -224.396   -205.502
9.03   -223.651   -204.823
9.04   -222.91   -204.148
9.05   -222.172   -203.475
9.06   -221.437   -202.805
9.07   -220.705   -202.139
9.08   -219.977   -201.475
9.09   -219.252   -200.814
9.1   -218.53   -200.156
9.11   -217.811   -199.501
9.12   -217.095   -198.849
9.13   -216.382   -198.199
9.14   -215.673   -197.553
9.15   -214.967   -196.909
9.16   -214.263   -196.268
9.17   -213.563   -195.629
9.18   -212.866   -194.994
9.19   -212.172   -194.361
9.2   -211.481   -193.731
9.21   -210.793   -193.104
9.22   -210.108   -192.479
9.23   -209.425   -191.857
9.24   -208.746   -191.238
9.25   -208.07   -190.621
9.26   -207.397   -190.007
9.27   -206.726   -189.396
9.28   -206.058   -188.787
9.29   -205.394   -188.181
9.3   -204.732   -187.577
9.31   -204.073   -186.976
9.32   -203.417   -186.378
9.33   -202.763   -185.782
9.34   -202.113   -185.189
9.35   -201.465   -184.598
9.36   -200.82   -184.009
9.37   -200.178   -183.424
9.38   -199.538   -182.84
9.39   -198.901   -182.259
9.4   -198.267   -181.681
9.41   -197.636   -181.105
9.42   -197.007   -180.531
9.43   -196.381   -179.96
9.44   -195.758   -179.391
9.45   -195.137   -178.825
9.46   -194.519   -178.261
9.47   -193.903   -177.699
9.48   -193.29   -177.14
9.49   -192.68   -176.583
9.5   -192.072   -176.029
9.51   -191.467   -175.476
9.52   -190.864   -174.926
9.53   -190.264   -174.379
9.54   -189.666   -173.833
9.55   -189.071   -173.29
9.56   -188.478   -172.749
9.57   -187.888   -172.21
9.58   -187.3   -171.674
9.59   -186.715   -171.14
9.6   -186.132   -170.608
9.61   -185.551   -170.078
9.62   -184.973   -169.55
9.63   -184.398   -169.025
9.64   -183.824   -168.502
9.65   -183.254   -167.981
9.66   -182.685   -167.462
9.67   -182.119   -166.945
9.68   -181.555   -166.43
9.69   -180.994   -165.917
9.7   -180.434   -165.407
9.71   -179.877   -164.898
9.72   -179.323   -164.392
9.73   -178.771   -163.888
9.74   -178.22   -163.386
9.75   -177.673   -162.885
9.76   -177.127   -162.387
9.77   -176.584   -161.891
9.78   -176.043   -161.397
9.79   -175.504   -160.905
9.8   -174.967   -160.415
9.81   -174.432   -159.927
9.82   -173.9   -159.44
9.83   -173.37   -158.956
9.84   -172.842   -158.474
9.85   -172.316   -157.994
9.86   -171.792   -157.515
9.87   -171.271   -157.039
9.88   -170.751   -156.564
9.89   -170.234   -156.092
9.9   -169.718   -155.621
9.91   -169.205   -155.152
9.92   -168.694   -154.685
9.93   -168.185   -154.22
9.94   -167.678   -153.757
9.95   -167.173   -153.296
9.96   -166.67   -152.836
9.97   -166.169   -152.379
9.98   -165.67   -151.923
9.99   -165.173   -151.469
10   -164.678   -151.016
10.01   -164.185   -150.566
10.02   -163.693   -150.117
10.03   -163.204   -149.67
10.04   -162.717   -149.225
10.05   -162.232   -148.782
10.06   -161.749   -148.34
10.07   -161.267   -147.9
10.08   -160.788   -147.462
10.09   -160.31   -147.026
10.1   -159.834   -146.591
10.11   -159.361   -146.158
10.12   -158.889   -145.727
10.13   -158.419   -145.297
10.14   -157.95   -144.869
10.15   -157.484   -144.443
10.16   -157.019   -144.019
10.17   -156.557   -143.596
10.18   -156.096   -143.174
10.19   -155.637   -142.755
10.2   -155.179   -142.337
10.21   -154.724   -141.92
10.22   -154.27   -141.506
10.23   -153.818   -141.093
10.24   -153.368   -140.681
10.25   -152.919   -140.271
10.26   -152.473   -139.863
10.27   -152.028   -139.456
10.28   -151.585   -139.051
10.29   -151.143   -138.647
10.3   -150.703   -138.245
10.31   -150.265   -137.845
10.32   -149.829   -137.446
10.33   -149.394   -137.048
10.34   -148.961   -136.652
10.35   -148.53   -136.258
10.36   -148.1   -135.865
10.37   -147.672   -135.474
10.38   -147.246   -135.084
10.39   -146.821   -134.696
10.4   -146.398   -134.309
10.41   -145.976   -133.923
10.42   -145.556   -133.539
10.43   -145.138   -133.157
10.44   -144.721   -132.776
10.45   -144.306   -132.396
10.46   -143.893   -132.018
10.47   -143.481   -131.641
10.48   -143.071   -131.266
10.49   -142.662   -130.892
10.5   -142.255   -130.52
10.51   -141.849   -130.149
10.52   -141.445   -129.779
10.53   -141.042   -129.411
10.54   -140.641   -129.044
10.55   -140.242   -128.679
10.56   -139.844   -128.315
10.57   -139.447   -127.952
10.58   -139.052   -127.591
10.59   -138.659   -127.231
10.6   -138.266   -126.872
10.61   -137.876   -126.515
10.62   -137.487   -126.159
10.63   -137.099   -125.804
10.64   -136.713   -125.451
10.65   -136.328   -125.099
10.66   -135.945   -124.749
10.67   -135.563   -124.399
10.68   -135.183   -124.051
10.69   -134.804   -123.704
10.7   -134.426   -123.359
10.71   -134.05   -123.015
10.72   -133.675   -122.672
10.73   -133.302   -122.33
10.74   -132.93   -121.99
10.75   -132.559   -121.651
10.76   -132.19   -121.313
10.77   -131.822   -120.976
10.78   -131.455   -120.641
10.79   -131.09   -120.307
10.8   -130.726   -119.974
10.81   -130.364   -119.642
10.82   -130.003   -119.312
10.83   -129.643   -118.983
10.84   -129.285   -118.655
10.85   -128.927   -118.328
10.86   -128.572   -118.002
10.87   -128.217   -117.678
10.88   -127.864   -117.355
10.89   -127.512   -117.033
10.9   -127.161   -116.712
10.91   -126.812   -116.392
10.92   -126.464   -116.073
10.93   -126.117   -115.756
10.94   -125.772   -115.44
10.95   -125.427   -115.125
10.96   -125.084   -114.811
10.97   -124.743   -114.498
10.98   -124.402   -114.186
10.99   -124.063   -113.876
11   -123.725   -113.566
11.01   -123.388   -113.258
11.02   -123.052   -112.951
11.03   -122.718   -112.645
11.04   -122.385   -112.34
11.05   -122.053   -112.036
11.06   -121.722   -111.733
11.07   -121.392   -111.431
11.08   -121.064   -111.131
11.09   -120.737   -110.831
11.1   -120.411   -110.533
11.11   -120.086   -110.235
11.12   -119.762   -109.939
11.13   -119.44   -109.644
11.14   -119.118   -109.35
11.15   -118.798   -109.056
11.16   -118.479   -108.764
11.17   -118.161   -108.473
11.18   -117.844   -108.183
11.19   -117.529   -107.894
11.2   -117.214   -107.606
11.21   -116.901   -107.319
11.22   -116.589   -107.033
11.23   -116.277   -106.748
11.24   -115.967   -106.465
11.25   -115.658   -106.182
11.26   -115.35   -105.9
11.27   -115.044   -105.619
11.28   -114.738   -105.339
11.29   -114.433   -105.06
11.3   -114.13   -104.782
11.31   -113.827   -104.505
11.32   -113.526   -104.229
11.33   -113.226   -103.954
11.34   -112.926   -103.68
11.35   -112.628   -103.407
11.36   -112.331   -103.135
11.37   -112.035   -102.863
11.38   -111.74   -102.593
11.39   -111.446   -102.324
11.4   -111.153   -102.056
11.41   -110.861   -101.788
11.42   -110.57   -101.522
11.43   -110.28   -101.256
11.44   -109.991   -100.991
11.45   -109.703   -100.728
11.46   -109.416   -100.465
11.47   -109.13   -100.203
11.48   -108.845   -99.9421
11.49   -108.561   -99.682
11.5   -108.278   -99.4228
11.51   -107.996   -99.1646
11.52   -107.715   -98.9072
11.53   -107.435   -98.6507
11.54   -107.156   -98.3951
11.55   -106.878   -98.1403
11.56   -106.601   -97.8865
11.57   -106.325   -97.6335
11.58   -106.05   -97.3814
11.59   -105.775   -97.1301
11.6   -105.502   -96.8798
11.61   -105.23   -96.6302
11.62   -104.958   -96.3816
11.63   -104.688   -96.1338
11.64   -104.418   -95.8868
11.65   -104.149   -95.6407
11.66   -103.882   -95.3954
11.67   -103.615   -95.1509
11.68   -103.349   -94.9073
11.69   -103.084   -94.6645
11.7   -102.82   -94.4226
11.71   -102.557   -94.1814
11.72   -102.294   -93.9411
11.73   -102.033   -93.7016
11.74   -101.772   -93.4629
11.75   -101.513   -93.2251
11.76   -101.254   -92.988
11.77   -100.996   -92.7517
11.78   -100.739   -92.5163
11.79   -100.483   -92.2816
11.8   -100.228   -92.0477
11.81   -99.9735   -91.8146
11.82   -99.7199   -91.5823
11.83   -99.4673   -91.3508
11.84   -99.2154   -91.12
11.85   -98.9645   -90.8901
11.86   -98.7144   -90.6609
11.87   -98.4651   -90.4324
11.88   -98.2166   -90.2048
11.89   -97.969   -89.9779
11.9   -97.7223   -89.7517
11.91   -97.4763   -89.5263
11.92   -97.2312   -89.3017
11.93   -96.9869   -89.0778
11.94   -96.7434   -88.8547
11.95   -96.5007   -88.6323
11.96   -96.2589   -88.4106
11.97   -96.0178   -88.1897
11.98   -95.7776   -87.9695
11.99   -95.5382   -87.7501
12   -95.2995   -87.5314
12.01   -95.0617   -87.3134
12.02   -94.8246   -87.0961
12.03   -94.5883   -86.8796
12.04   -94.3528   -86.6637
12.05   -94.1181   -86.4486
12.06   -93.8842   -86.2342
12.07   -93.651   -86.0205
12.08   -93.4187   -85.8075
12.09   -93.187   -85.5952
12.1   -92.9562   -85.3836
12.11   -92.7261   -85.1727
12.12   -92.4968   -84.9625
12.13   -92.2682   -84.753
12.14   -92.0404   -84.5441
12.15   -91.8133   -84.336
12.16   -91.587   -84.1285
12.17   -91.3614   -83.9218
12.18   -91.1365   -83.7156
12.19   -90.9124   -83.5102
12.2   -90.6891   -83.3054
12.21   -90.4664   -83.1014
12.22   -90.2445   -82.8979
12.23   -90.0233   -82.6952
12.24   -89.8029   -82.4931
12.25   -89.5831   -82.2916
12.26   -89.3641   -82.0908
12.27   -89.1458   -81.8907
12.28   -88.9282   -81.6912
12.29   -88.7113   -81.4923
12.3   -88.4951   -81.2941
12.31   -88.2796   -81.0966
12.32   -88.0648   -80.8996
12.33   -87.8507   -80.7034
12.34   -87.6373   -80.5077
12.35   -87.4246   -80.3127
12.36   -87.2126   -80.1183
12.37   -87.0012   -79.9245
12.38   -86.7906   -79.7314
12.39   -86.5806   -79.5389
12.4   -86.3713   -79.347
12.41   -86.1627   -79.1557
12.42   -85.9547   -78.965
12.43   -85.7474   -78.775
12.44   -85.5408   -78.5855
12.45   -85.3348   -78.3967
12.46   -85.1295   -78.2084
12.47   -84.9249   -78.0208
12.48   -84.7209   -77.8337
12.49   -84.5176   -77.6473
12.5   -84.3149   -77.4615
12.51   -84.1129   -77.2762
12.52   -83.9115   -77.0915
12.53   -83.7107   -76.9074
12.54   -83.5106   -76.724
12.55   -83.3112   -76.541
12.56   -83.1123   -76.3587
12.57   -82.9141   -76.177
12.58   -82.7166   -75.9958
12.59   -82.5196   -75.8152
12.6   -82.3233   -75.6351
12.61   -82.1276   -75.4557
12.62   -81.9325   -75.2768
12.63   -81.7381   -75.0985
12.64   -81.5442   -74.9207
12.65   -81.351   -74.7435
12.66   -81.1584   -74.5668
12.67   -80.9663   -74.3907
12.68   -80.7749   -74.2152
12.69   -80.5841   -74.0402
12.7   -80.3939   -73.8658
12.71   -80.2043   -73.6919
12.72   -80.0153   -73.5185
12.73   -79.8269   -73.3457
12.74   -79.6391   -73.1734
12.75   -79.4518   -73.0017
12.76   -79.2652   -72.8305
12.77   -79.0791   -72.6599
12.78   -78.8936   -72.4897
12.79   -78.7087   -72.3201
12.8   -78.5244   -72.1511
12.81   -78.3406   -71.9825
12.82   -78.1574   -71.8145
12.83   -77.9748   -71.647
12.84   -77.7928   -71.48
12.85   -77.6113   -71.3136
12.86   -77.4304   -71.1476
12.87   -77.25   -70.9822
12.88   -77.0703   -70.8173
12.89   -76.891   -70.6529
12.9   -76.7123   -70.489
12.91   -76.5342   -70.3256
12.92   -76.3566   -70.1627
12.93   -76.1796   -70.0003
12.94   -76.0031   -69.8385
12.95   -75.8272   -69.6771
12.96   -75.6518   -69.5162
12.97   -75.477   -69.3558
12.98   -75.3027   -69.1959
12.99   -75.1289   -69.0365
13   -74.9556   -68.8776
13.01   -74.7829   -68.7191
13.02   -74.6108   -68.5612
13.03   -74.4391   -68.4037
13.04   -74.268   -68.2467
13.05   -74.0974   -68.0902
13.06   -73.9273   -67.9342
13.07   -73.7577   -67.7786
13.08   -73.5887   -67.6236
13.09   -73.4202   -67.469
13.1   -73.2522   -67.3148
13.11   -73.0847   -67.1612
13.12   -72.9177   -67.008
13.13   -72.7512   -66.8552
13.14   -72.5852   -66.703
13.15   -72.4198   -66.5511
13.16   -72.2548   -66.3998
13.17   -72.0903   -66.2489
13.18   -71.9264   -66.0985
13.19   -71.7629   -65.9485
13.2   -71.5999   -65.799
13.21   -71.4375   -65.6499
13.22   -71.2755   -65.5013
13.23   -71.114   -65.3531
13.24   -70.9529   -65.2054
13.25   -70.7924   -65.0581
13.26   -70.6324   -64.9112
13.27   -70.4728   -64.7648
13.28   -70.3137   -64.6189
13.29   -70.1551   -64.4733
13.3   -69.997   -64.3282
13.31   -69.8394   -64.1836
13.32   -69.6822   -64.0394
13.33   -69.5255   -63.8956
13.34   -69.3692   -63.7522
13.35   -69.2135   -63.6093
13.36   -69.0582   -63.4668
13.37   -68.9033   -63.3247
13.38   -68.7489   -63.1831
13.39   -68.595   -63.0418
13.4   -68.4416   -62.901
13.41   -68.2886   -62.7606
13.42   -68.136   -62.6206
13.43   -67.9839   -62.4811
13.44   -67.8323   -62.3419
13.45   -67.6811   -62.2032
13.46   -67.5304   -62.0649
13.47   -67.3801   -61.9269
13.48   -67.2302   -61.7894
13.49   -67.0808   -61.6523
13.5   -66.9319   -61.5156
13.51   -66.7834   -61.3793
13.52   -66.6353   -61.2435
13.53   -66.4877   -61.108
13.54   -66.3404   -60.9729
13.55   -66.1937   -60.8382
13.56   -66.0473   -60.7039
13.57   -65.9014   -60.57
13.58   -65.756   -60.4365
13.59   -65.6109   -60.3034
13.6   -65.4663   -60.1706
13.61   -65.3221   -60.0383
13.62   -65.1783   -59.9063
13.63   -65.035   -59.7748
13.64   -64.892   -59.6436
13.65   -64.7495   -59.5128
13.66   -64.6074   -59.3824
13.67   -64.4657   -59.2523
13.68   -64.3245   -59.1227
13.69   -64.1836   -58.9934
13.7   -64.0432   -58.8645
13.71   -63.9031   -58.736
13.72   -63.7635   -58.6078
13.73   -63.6243   -58.4801
13.74   -63.4855   -58.3526
13.75   -63.347   -58.2256
13.76   -63.209   -58.0989
13.77   -63.0714   -57.9726
13.78   -62.9342   -57.8467
13.79   -62.7974   -57.7211
13.8   -62.661   -57.5959
13.81   -62.525   -57.4711
13.82   -62.3893   -57.3466
13.83   -62.2541   -57.2224
13.84   -62.1192   -57.0987
13.85   -61.9848   -56.9752
13.86   -61.8507   -56.8522
13.87   -61.717   -56.7295
13.88   -61.5837   -56.6071
13.89   -61.4508   -56.4851
13.9   -61.3183   -56.3635
13.91   -61.1861   -56.2422
13.92   -61.0544   -56.1212
13.93   -60.923   -56.0006
13.94   -60.792   -55.8803
13.95   -60.6613   -55.7604
13.96   -60.531   -55.6408
13.97   -60.4011   -55.5216
13.98   -60.2716   -55.4027
13.99   -60.1425   -55.2841
14   -60.0137   -55.1659
14.01   -59.8853   -55.048
14.02   -59.7572   -54.9305
14.03   -59.6295   -54.8133
14.04   -59.5022   -54.6964
14.05   -59.3752   -54.5798
14.06   -59.2486   -54.4636
14.07   -59.1224   -54.3477
14.08   -58.9965   -54.2322
14.09   -58.871   -54.1169
14.1   -58.7458   -54.002
14.11   -58.621   -53.8874
14.12   -58.4966   -53.7732
14.13   -58.3724   -53.6593
14.14   -58.2487   -53.5456
14.15   -58.1253   -53.4323
14.16   -58.0022   -53.3194
14.17   -57.8795   -53.2067
14.18   -57.7571   -53.0944
14.19   -57.6351   -52.9823
14.2   -57.5134   -52.8706
14.21   -57.3921   -52.7592
14.22   -57.2711   -52.6482
14.23   -57.1505   -52.5374
14.24   -57.0301   -52.4269
14.25   -56.9102   -52.3168
14.26   -56.7905   -52.2069
14.27   -56.6712   -52.0974
14.28   -56.5522   -51.9882
14.29   -56.4336   -51.8792
14.3   -56.3153   -51.7706
14.31   -56.1973   -51.6623
14.32   -56.0797   -51.5543
14.33   -55.9623   -51.4465
14.34   -55.8453   -51.3391
14.35   -55.7287   -51.232
14.36   -55.6123   -51.1252
14.37   -55.4963   -51.0187
14.38   -55.3806   -50.9124
14.39   -55.2652   -50.8065
14.4   -55.1502   -50.7009
14.41   -55.0354   -50.5955
14.42   -54.921   -50.4905
14.43   -54.8069   -50.3857
14.44   -54.6931   -50.2812
14.45   -54.5797   -50.177
14.46   -54.4665   -50.0731
14.47   -54.3537   -49.9695
14.48   -54.2411   -49.8662
14.49   -54.1289   -49.7631
14.5   -54.017   -49.6604
14.51   -53.9054   -49.5579
14.52   -53.7941   -49.4557
14.53   -53.6831   -49.3538
14.54   -53.5724   -49.2521
14.55   -53.462   -49.1508
14.56   -53.3519   -49.0497
14.57   -53.2422   -48.9489
14.58   -53.1327   -48.8484
14.59   -53.0235   -48.7481
14.6   -52.9146   -48.6481
14.61   -52.8061   -48.5484
14.62   -52.6978   -48.449
14.63   -52.5898   -48.3498
14.64   -52.4821   -48.2509
14.65   -52.3747   -48.1523
14.66   -52.2676   -48.054
14.67   -52.1608   -47.9559
14.68   -52.0543   -47.8581
14.69   -51.948   -47.7605
14.7   -51.8421   -47.6632
14.71   -51.7364   -47.5662
14.72   -51.6311   -47.4694
14.73   -51.526   -47.3729
14.74   -51.4212   -47.2767
14.75   -51.3167   -47.1807
14.76   -51.2124   -47.085
14.77   -51.1085   -46.9895
14.78   -51.0048   -46.8943
14.79   -50.9014   -46.7994
14.8   -50.7983   -46.7047
14.81   -50.6955   -46.6103
14.82   -50.5929   -46.5161
14.83   -50.4906   -46.4221
14.84   -50.3886   -46.3285
14.85   -50.2869   -46.235
14.86   -50.1855   -46.1419
14.87   -50.0843   -46.049
14.88   -49.9834   -45.9563
14.89   -49.8827   -45.8639
14.9   -49.7824   -45.7717
14.91   -49.6823   -45.6797
14.92   -49.5824   -45.5881
14.93   -49.4829   -45.4966
14.94   -49.3836   -45.4054
14.95   -49.2846   -45.3145
14.96   -49.1858   -45.2238
14.97   -49.0873   -45.1333
14.98   -48.989   -45.0431
14.99   -48.8911   -44.9531
15   -48.7933   -44.8633
15.01   -48.6959   -44.7738
15.02   -48.5987   -44.6846
15.03   -48.5018   -44.5955
15.04   -48.4051   -44.5067
15.05   -48.3087   -44.4182
15.06   -48.2125   -44.3298
15.07   -48.1166   -44.2417
15.08   -48.0209   -44.1539
15.09   -47.9255   -44.0663
15.1   -47.8304   -43.9789
15.11   -47.7354   -43.8917
15.12   -47.6408   -43.8048
15.13   -47.5464   -43.7181
15.14   -47.4522   -43.6316
15.15   -47.3583   -43.5453
15.16   -47.2647   -43.4593
15.17   -47.1713   -43.3735
15.18   -47.0781   -43.2879
15.19   -46.9852   -43.2026
15.2   -46.8925   -43.1175
15.21   -46.8001   -43.0326
15.22   -46.7079   -42.9479
15.23   -46.616   -42.8634
15.24   -46.5243   -42.7792
15.25   -46.4328   -42.6952
15.26   -46.3416   -42.6114
15.27   -46.2506   -42.5278
15.28   -46.1598   -42.4445
15.29   -46.0693   -42.3613
15.3   -45.9791   -42.2784
15.31   -45.889   -42.1957
15.32   -45.7992   -42.1132
15.33   -45.7097   -42.031
15.34   -45.6203   -41.9489
15.35   -45.5312   -41.867
15.36   -45.4423   -41.7854
15.37   -45.3537   -41.704
15.38   -45.2653   -41.6228
15.39   -45.1771   -41.5418
15.4   -45.0892   -41.461
15.41   -45.0014   -41.3804
15.42   -44.914   -41.3
15.43   -44.8267   -41.2199
15.44   -44.7396   -41.1399
15.45   -44.6528   -41.0602
15.46   -44.5662   -40.9806
15.47   -44.4799   -40.9013
15.48   -44.3937   -40.8221
15.49   -44.3078   -40.7432
15.5   -44.2221   -40.6645
15.51   -44.1366   -40.586
15.52   -44.0514   -40.5076
15.53   -43.9663   -40.4295
15.54   -43.8815   -40.3516
15.55   -43.7969   -40.2739
15.56   -43.7125   -40.1963
15.57   -43.6283   -40.119
15.58   -43.5444   -40.0419
15.59   -43.4606   -39.965
15.6   -43.3771   -39.8882
15.61   -43.2938   -39.8117
15.62   -43.2107   -39.7354
15.63   -43.1278   -39.6592
15.64   -43.0451   -39.5833
15.65   -42.9627   -39.5075
15.66   -42.8804   -39.432
15.67   -42.7984   -39.3566
15.68   -42.7166   -39.2814
15.69   -42.6349   -39.2064
15.7   -42.5535   -39.1316
15.71   -42.4723   -39.057
15.72   -42.3913   -38.9826
15.73   -42.3105   -38.9084
15.74   -42.2299   -38.8343
15.75   -42.1495   -38.7605
15.76   -42.0693   -38.6868
15.77   -41.9894   -38.6133
15.78   -41.9096   -38.54
15.79   -41.83   -38.4669
15.8   -41.7506   -38.394
15.81   -41.6715   -38.3213
15.82   -41.5925   -38.2487
15.83   -41.5137   -38.1763
15.84   -41.4351   -38.1041
15.85   -41.3568   -38.0321
15.86   -41.2786   -37.9603
15.87   -41.2006   -37.8887
15.88   -41.1228   -37.8172
15.89   -41.0452   -37.7459
15.9   -40.9678   -37.6748
15.91   -40.8906   -37.6039
15.92   -40.8136   -37.5331
15.93   -40.7368   -37.4626
15.94   -40.6602   -37.3922
15.95   -40.5838   -37.3219
15.96   -40.5075   -37.2519
15.97   -40.4315   -37.182
15.98   -40.3556   -37.1123
15.99   -40.28   -37.0428
16   -40.2045   -36.9734
16.01   -40.1292   -36.9043
16.02   -40.0541   -36.8353
16.03   -39.9792   -36.7664
16.04   -39.9044   -36.6978
16.05   -39.8299   -36.6293
16.06   -39.7556   -36.561
16.07   -39.6814   -36.4928
16.08   -39.6074   -36.4248
16.09   -39.5336   -36.357
16.1   -39.46   -36.2894
16.11   -39.3865   -36.2219
16.12   -39.3133   -36.1546
16.13   -39.2402   -36.0875
16.14   -39.1673   -36.0205
16.15   -39.0946   -35.9537
16.16   -39.0221   -35.887
16.17   -38.9497   -35.8205
16.18   -38.8775   -35.7542
16.19   -38.8056   -35.6881
16.2   -38.7337   -35.6221
16.21   -38.6621   -35.5563
16.22   -38.5906   -35.4906
16.23   -38.5193   -35.4251
16.24   -38.4482   -35.3597
16.25   -38.3773   -35.2946
16.26   -38.3065   -35.2295
16.27   -38.2359   -35.1647
16.28   -38.1655   -35.1
16.29   -38.0953   -35.0354
16.3   -38.0252   -34.971
16.31   -37.9553   -34.9068
16.32   -37.8856   -34.8427
16.33   -37.816   -34.7788
16.34   -37.7466   -34.7151
16.35   -37.6774   -34.6515
16.36   -37.6084   -34.588
16.37   -37.5395   -34.5247
16.38   -37.4708   -34.4616
16.39   -37.4022   -34.3986
16.4   -37.3339   -34.3358
16.41   -37.2656   -34.2731
16.42   -37.1976   -34.2105
16.43   -37.1297   -34.1482
16.44   -37.062   -34.086
16.45   -36.9945   -34.0239
16.46   -36.9271   -33.962
16.47   -36.8599   -33.9002
16.48   -36.7928   -33.8386
16.49   -36.7259   -33.7771
16.5   -36.6592   -33.7158
16.51   -36.5926   -33.6546
16.52   -36.5262   -33.5936
16.53   -36.4599   -33.5327
16.54   -36.3938   -33.4719
16.55   -36.3279   -33.4114
16.56   -36.2621   -33.3509
16.57   -36.1965   -33.2906
16.58   -36.1311   -33.2305
16.59   -36.0658   -33.1705
16.6   -36.0006   -33.1106
16.61   -35.9356   -33.0509
16.62   -35.8708   -32.9913
16.63   -35.8062   -32.9319
16.64   -35.7416   -32.8726
16.65   -35.6773   -32.8134
16.66   -35.6131   -32.7544
16.67   -35.549   -32.6956
16.68   -35.4851   -32.6368
16.69   -35.4214   -32.5783
16.7   -35.3578   -32.5198
16.71   -35.2943   -32.4615
16.72   -35.231   -32.4034
16.73   -35.1679   -32.3453
16.74   -35.1049   -32.2874
16.75   -35.0421   -32.2297
16.76   -34.9794   -32.1721
16.77   -34.9169   -32.1146
16.78   -34.8545   -32.0573
16.79   -34.7922   -32.0001
16.8   -34.7301   -31.943
16.81   -34.6682   -31.8861
16.82   -34.6064   -31.8293
16.83   -34.5447   -31.7726
16.84   -34.4832   -31.7161
16.85   -34.4219   -31.6597
16.86   -34.3607   -31.6035
16.87   -34.2996   -31.5473
16.88   -34.2387   -31.4914
16.89   -34.1779   -31.4355
16.9   -34.1173   -31.3798
16.91   -34.0568   -31.3242
16.92   -33.9964   -31.2687
16.93   -33.9362   -31.2134
16.94   -33.8762   -31.1582
16.95   -33.8162   -31.1031
16.96   -33.7565   -31.0482
16.97   -33.6968   -30.9933
16.98   -33.6373   -30.9387
16.99   -33.578   -30.8841
17   -33.5187   -30.8297
17.01   -33.4597   -30.7754
17.02   -33.4007   -30.7212
17.03   -33.3419   -30.6672
17.04   -33.2832   -30.6132
17.05   -33.2247   -30.5594
17.06   -33.1663   -30.5058
17.07   -33.1081   -30.4522
17.08   -33.0499   -30.3988
17.09   -32.992   -30.3455
17.1   -32.9341   -30.2924
17.11   -32.8764   -30.2393
17.12   -32.8188   -30.1864
17.13   -32.7614   -30.1336
17.14   -32.7041   -30.0809
17.15   -32.6469   -30.0284
17.16   -32.5899   -29.976
17.17   -32.533   -29.9236
17.18   -32.4762   -29.8715
17.19   -32.4195   -29.8194
17.2   -32.363   -29.7675
17.21   -32.3066   -29.7156
17.22   -32.2504   -29.6639
17.23   -32.1943   -29.6124
17.24   -32.1383   -29.5609
17.25   -32.0824   -29.5095
17.26   -32.0267   -29.4583
17.27   -31.9711   -29.4072
17.28   -31.9156   -29.3562
17.29   -31.8603   -29.3054
17.3   -31.8051   -29.2546
17.31   -31.75   -29.204
17.32   -31.695   -29.1535
17.33   -31.6402   -29.1031
17.34   -31.5855   -29.0528
17.35   -31.5309   -29.0026
17.36   -31.4764   -28.9525
17.37   -31.4221   -28.9026
17.38   -31.3679   -28.8528
17.39   -31.3138   -28.8031
17.4   -31.2598   -28.7535
17.41   -31.206   -28.704
17.42   -31.1523   -28.6546
17.43   -31.0987   -28.6054
17.44   -31.0452   -28.5562
17.45   -30.9919   -28.5072
17.46   -30.9387   -28.4583
17.47   -30.8856   -28.4095
17.48   -30.8326   -28.3608
17.49   -30.7797   -28.3122
17.5   -30.727   -28.2637
17.51   -30.6744   -28.2153
17.52   -30.6219   -28.1671
17.53   -30.5695   -28.1189
17.54   -30.5173   -28.0709
17.55   -30.4651   -28.023
17.56   -30.4131   -27.9752
17.57   -30.3612   -27.9275
17.58   -30.3094   -27.8799
17.59   -30.2578   -27.8324
17.6   -30.2062   -27.785
17.61   -30.1548   -27.7377
17.62   -30.1035   -27.6906
17.63   -30.0523   -27.6435
17.64   -30.0012   -27.5965
17.65   -29.9502   -27.5497
17.66   -29.8994   -27.5029
17.67   -29.8487   -27.4563
17.68   -29.798   -27.4098
17.69   -29.7475   -27.3634
17.7   -29.6971   -27.317
17.71   -29.6469   -27.2708
17.72   -29.5967   -27.2247
17.73   -29.5466   -27.1787
17.74   -29.4967   -27.1328
17.75   -29.4469   -27.087
17.76   -29.3972   -27.0413
17.77   -29.3476   -26.9957
17.78   -29.2981   -26.9502
17.79   -29.2487   -26.9048
17.8   -29.1994   -26.8595
17.81   -29.1503   -26.8143
17.82   -29.1012   -26.7692
17.83   -29.0523   -26.7243
17.84   -29.0035   -26.6794
17.85   -28.9547   -26.6346
17.86   -28.9061   -26.5899
17.87   -28.8576   -26.5453
17.88   -28.8092   -26.5008
17.89   -28.761   -26.4564
17.9   -28.7128   -26.4122
17.91   -28.6647   -26.368
17.92   -28.6168   -26.3239
17.93   -28.5689   -26.2799
17.94   -28.5212   -26.236
17.95   -28.4735   -26.1922
17.96   -28.426   -26.1485
17.97   -28.3785   -26.1049
17.98   -28.3312   -26.0614
17.99   -28.284   -26.018
18   -28.2369   -25.9747
18.01   -28.1899   -25.9315
18.02   -28.143   -25.8883
18.03   -28.0962   -25.8453
18.04   -28.0495   -25.8024
18.05   -28.0029   -25.7596
18.06   -27.9564   -25.7168
18.07   -27.91   -25.6742
18.08   -27.8637   -25.6316
18.09   -27.8175   -25.5892
18.1   -27.7715   -25.5468
18.11   -27.7255   -25.5045
18.12   -27.6796   -25.4624
18.13   -27.6338   -25.4203
18.14   -27.5881   -25.3783
18.15   -27.5426   -25.3364
18.16   -27.4971   -25.2946
18.17   -27.4517   -25.2529
18.18   -27.4064   -25.2112
18.19   -27.3613   -25.1697
18.2   -27.3162   -25.1283
18.21   -27.2712   -25.0869
18.22   -27.2263   -25.0457
18.23   -27.1816   -25.0045
18.24   -27.1369   -24.9634
18.25   -27.0923   -24.9224
18.26   -27.0478   -24.8815
18.27   -27.0034   -24.8407
18.28   -26.9591   -24.8
18.29   -26.9149   -24.7594
18.3   -26.8708   -24.7188
18.31   -26.8268   -24.6784
18.32   -26.7829   -24.638
18.33   -26.7391   -24.5977
18.34   -26.6954   -24.5575
18.35   -26.6518   -24.5174
18.36   -26.6083   -24.4774
18.37   -26.5648   -24.4375
18.38   -26.5215   -24.3977
18.39   -26.4782   -24.3579
18.4   -26.4351   -24.3182
18.41   -26.392   -24.2786
18.42   -26.3491   -24.2392
18.43   -26.3062   -24.1997
18.44   -26.2634   -24.1604
18.45   -26.2208   -24.1212
18.46   -26.1782   -24.082
18.47   -26.1357   -24.0429
18.48   -26.0933   -24.004
18.49   -26.051   -23.9651
18.5   -26.0087   -23.9262
18.51   -25.9666   -23.8875
18.52   -25.9246   -23.8489
18.53   -25.8826   -23.8103
18.54   -25.8408   -23.7718
18.55   -25.799   -23.7334
18.56   -25.7573   -23.6951
18.57   -25.7157   -23.6568
18.58   -25.6742   -23.6187
18.59   -25.6328   -23.5806
18.6   -25.5915   -23.5426
18.61   -25.5503   -23.5047
18.62   -25.5091   -23.4669
18.63   -25.4681   -23.4291
18.64   -25.4271   -23.3915
18.65   -25.3862   -23.3539
18.66   -25.3454   -23.3164
18.67   -25.3047   -23.279
18.68   -25.2641   -23.2416
18.69   -25.2236   -23.2044
18.7   -25.1831   -23.1672
18.71   -25.1428   -23.1301
18.72   -25.1025   -23.093
18.73   -25.0623   -23.0561
18.74   -25.0222   -23.0192
18.75   -24.9822   -22.9824
18.76   -24.9423   -22.9457
18.77   -24.9024   -22.9091
18.78   -24.8627   -22.8725
18.79   -24.823   -22.836
18.8   -24.7834   -22.7996
18.81   -24.7439   -22.7633
18.82   -24.7045   -22.7271
18.83   -24.6651   -22.6909
18.84   -24.6259   -22.6548
18.85   -24.5867   -22.6188
18.86   -24.5476   -22.5829
18.87   -24.5086   -22.547
18.88   -24.4697   -22.5112
18.89   -24.4308   -22.4755
18.9   -24.3921   -22.4399
18.91   -24.3534   -22.4043
18.92   -24.3148   -22.3688
18.93   -24.2763   -22.3334
18.94   -24.2379   -22.2981
18.95   -24.1995   -22.2628
18.96   -24.1613   -22.2276
18.97   -24.1231   -22.1925
18.98   -24.085   -22.1575
18.99   -24.0469   -22.1225
19   -24.009   -22.0876
19.01   -23.9711   -22.0528
19.02   -23.9333   -22.018
19.03   -23.8956   -21.9834
19.04   -23.858   -21.9488
19.05   -23.8204   -21.9142
19.06   -23.7829   -21.8798
19.07   -23.7456   -21.8454
19.08   -23.7082   -21.8111
19.09   -23.671   -21.7768
19.1   -23.6338   -21.7427
19.11   -23.5968   -21.7086
19.12   -23.5598   -21.6745
19.13   -23.5228   -21.6406
19.14   -23.486   -21.6067
19.15   -23.4492   -21.5729
19.16   -23.4125   -21.5392
19.17   -23.3759   -21.5055
19.18   -23.3393   -21.4719
19.19   -23.3029   -21.4383
19.2   -23.2665   -21.4049
19.21   -23.2302   -21.3715
19.22   -23.1939   -21.3382
19.23   -23.1578   -21.3049
19.24   -23.1217   -21.2717
19.25   -23.0857   -21.2386
19.26   -23.0497   -21.2056
19.27   -23.0138   -21.1726
19.28   -22.9781   -21.1397
19.29   -22.9423   -21.1068
19.3   -22.9067   -21.0741
19.31   -22.8711   -21.0414
19.32   -22.8356   -21.0087
19.33   -22.8002   -20.9761
19.34   -22.7649   -20.9436
19.35   -22.7296   -20.9112
19.36   -22.6944   -20.8788
19.37   -22.6593   -20.8465
19.38   -22.6242   -20.8143
19.39   -22.5892   -20.7821
19.4   -22.5543   -20.75
19.41   -22.5195   -20.718
19.42   -22.4847   -20.686
19.43   -22.45   -20.6541
19.44   -22.4154   -20.6223
19.45   -22.3808   -20.5905
19.46   -22.3463   -20.5588
19.47   -22.3119   -20.5271
19.48   -22.2776   -20.4955
19.49   -22.2433   -20.464
19.5   -22.2091   -20.4326
19.51   -22.1749   -20.4012
19.52   -22.1409   -20.3699
19.53   -22.1069   -20.3386
19.54   -22.073   -20.3074
19.55   -22.0391   -20.2763
19.56   -22.0053   -20.2452
19.57   -21.9716   -20.2142
19.58   -21.938   -20.1833
19.59   -21.9044   -20.1524
19.6   -21.8709   -20.1216
19.61   -21.8374   -20.0908
19.62   -21.8041   -20.0601
19.63   -21.7708   -20.0295
19.64   -21.7375   -19.999
19.65   -21.7043   -19.9684
19.66   -21.6712   -19.938
19.67   -21.6382   -19.9076
19.68   -21.6052   -19.8773
19.69   -21.5723   -19.8471
19.7   -21.5395   -19.8169
19.71   -21.5067   -19.7867
19.72   -21.474   -19.7567
19.73   -21.4414   -19.7266
19.74   -21.4088   -19.6967
19.75   -21.3763   -19.6668
19.76   -21.3439   -19.637
19.77   -21.3115   -19.6072
19.78   -21.2792   -19.5775
19.79   -21.247   -19.5479
19.8   -21.2148   -19.5183
19.81   -21.1827   -19.4887
19.82   -21.1506   -19.4593
19.83   -21.1187   -19.4299
19.84   -21.0867   -19.4005
19.85   -21.0549   -19.3712
19.86   -21.0231   -19.342
19.87   -20.9914   -19.3128
19.88   -20.9597   -19.2837
19.89   -20.9281   -19.2546
19.9   -20.8966   -19.2256
19.91   -20.8651   -19.1967
19.92   -20.8337   -19.1678
19.93   -20.8024   -19.139
19.94   -20.7711   -19.1102
19.95   -20.7399   -19.0815
19.96   -20.7087   -19.0529
19.97   -20.6776   -19.0243
19.98   -20.6466   -18.9957
19.99   -20.6156   -18.9672
