2.01   -6510.71   -4532.06
2.02   -6414.49   -4489.66
2.03   -6320.17   -4447.43
2.04   -6227.68   -4405.37
2.05   -6136.98   -4363.51
2.06   -6048.04   -4321.84
2.07   -5960.81   -4280.4
2.08   -5875.25   -4239.19
2.09   -5791.32   -4198.22
2.1   -5708.98   -4157.51
2.11   -5628.2   -4117.06
2.12   -5548.93   -4076.89
2.13   -5471.14   -4037
2.14   -5394.8   -3997.4
2.15   -5319.87   -3958.09
2.16   -5246.33   -3919.09
2.17   -5174.13   -3880.4
2.18   -5103.25   -3842.02
2.19   -5033.66   -3803.96
2.2   -4965.33   -3766.22
2.21   -4898.24   -3728.8
2.22   -4832.34   -3691.72
2.23   -4767.62   -3654.97
2.24   -4704.06   -3618.55
2.25   -4641.61   -3582.47
2.26   -4580.27   -3546.72
2.27   -4520.01   -3511.31
2.28   -4460.79   -3476.25
2.29   -4402.61   -3441.52
2.3   -4345.43   -3407.13
2.31   -4289.24   -3373.08
2.32   -4234.02   -3339.37
2.33   -4179.74   -3306.01
2.34   -4126.38   -3272.98
2.35   -4073.92   -3240.29
2.36   -4022.36   -3207.93
2.37   -3971.66   -3175.92
2.38   -3921.8   -3144.23
2.39   -3872.78   -3112.88
2.4   -3824.57   -3081.87
2.41   -3777.16   -3051.18
2.42   -3730.53   -3020.82
2.43   -3684.66   -2990.79
2.44   -3639.54   -2961.08
2.45   -3595.16   -2931.69
2.46   -3551.5   -2902.63
2.47   -3508.53   -2873.88
2.48   -3466.26   -2845.44
2.49   -3424.67   -2817.32
2.5   -3383.74   -2789.51
2.51   -3343.45   -2762.01
2.52   -3303.81   -2734.81
2.53   -3264.79   -2707.92
2.54   -3226.38   -2681.33
2.55   -3188.57   -2655.03
2.56   -3151.35   -2629.03
2.57   -3114.71   -2603.32
2.58   -3078.63   -2577.89
2.59   -3043.11   -2552.76
2.6   -3008.13   -2527.91
2.61   -2973.69   -2503.34
2.62   -2939.77   -2479.04
2.63   -2906.36   -2455.03
2.64   -2873.46   -2431.28
2.65   -2841.05   -2407.8
2.66   -2809.13   -2384.59
2.67   -2777.68   -2361.65
2.68   -2746.71   -2338.96
2.69   -2716.19   -2316.53
2.7   -2686.12   -2294.36
2.71   -2656.49   -2272.44
2.72   -2627.3   -2250.77
2.73   -2598.54   -2229.34
2.74   -2570.19   -2208.16
2.75   -2542.25   -2187.23
2.76   -2514.72   -2166.52
2.77   -2487.58   -2146.06
2.78   -2460.83   -2125.83
2.79   -2434.47   -2105.82
2.8   -2408.48   -2086.05
2.81   -2382.85   -2066.5
2.82   -2357.6   -2047.17
2.83   -2332.69   -2028.06
2.84   -2308.14   -2009.17
2.85   -2283.93   -1990.49
2.86   -2260.05   -1972.03
2.87   -2236.51   -1953.77
2.88   -2213.29   -1935.72
2.89   -2190.4   -1917.88
2.9   -2167.82   -1900.24
2.91   -2145.54   -1882.79
2.92   -2123.58   -1865.55
2.93   -2101.91   -1848.49
2.94   -2080.53   -1831.63
2.95   -2059.45   -1814.96
2.96   -2038.64   -1798.48
2.97   -2018.12   -1782.18
2.98   -1997.87   -1766.06
2.99   -1977.89   -1750.13
3   -1958.18   -1734.37
3.01   -1938.73   -1718.79
3.02   -1919.53   -1703.39
3.03   -1900.59   -1688.15
3.04   -1881.9   -1673.09
3.05   -1863.45   -1658.19
3.06   -1845.24   -1643.46
3.07   -1827.26   -1628.89
3.08   -1809.52   -1614.48
3.09   -1792.01   -1600.23
3.1   -1774.73   -1586.14
3.11   -1757.66   -1572.21
3.12   -1740.82   -1558.43
3.13   -1724.18   -1544.8
3.14   -1707.76   -1531.32
3.15   -1691.55   -1517.99
3.16   -1675.54   -1504.8
3.17   -1659.74   -1491.76
3.18   -1644.13   -1478.86
3.19   -1628.71   -1466.1
3.2   -1613.49   -1453.48
3.21   -1598.46   -1441
3.22   -1583.61   -1428.65
3.23   -1568.95   -1416.43
3.24   -1554.47   -1404.35
3.25   -1540.16   -1392.4
3.26   -1526.03   -1380.58
3.27   -1512.07   -1368.88
3.28   -1498.29   -1357.31
3.29   -1484.67   -1345.87
3.3   -1471.21   -1334.54
3.31   -1457.92   -1323.34
3.32   -1444.78   -1312.26
3.33   -1431.8   -1301.29
3.34   -1418.98   -1290.44
3.35   -1406.31   -1279.71
3.36   -1393.79   -1269.09
3.37   -1381.42   -1258.58
3.38   -1369.2   -1248.19
3.39   -1357.12   -1237.9
3.4   -1345.18   -1227.72
3.41   -1333.38   -1217.65
3.42   -1321.72   -1207.68
3.43   -1310.19   -1197.82
3.44   -1298.8   -1188.06
3.45   -1287.54   -1178.4
3.46   -1276.4   -1168.85
3.47   -1265.4   -1159.39
3.48   -1254.52   -1150.03
3.49   -1243.77   -1140.77
3.5   -1233.14   -1131.6
3.51   -1222.63   -1122.52
3.52   -1212.24   -1113.54
3.53   -1201.97   -1104.66
3.54   -1191.81   -1095.86
3.55   -1181.77   -1087.15
3.56   -1171.84   -1078.54
3.57   -1162.02   -1070.01
3.58   -1152.31   -1061.56
3.59   -1142.7   -1053.2
3.6   -1133.21   -1044.93
3.61   -1123.82   -1036.74
3.62   -1114.53   -1028.64
3.63   -1105.34   -1020.61
3.64   -1096.26   -1012.67
3.65   -1087.27   -1004.8
3.66   -1078.38   -997.014
3.67   -1069.59   -989.306
3.68   -1060.9   -981.674
3.69   -1052.29   -974.119
3.7   -1043.79   -966.638
3.71   -1035.37   -959.232
3.72   -1027.04   -951.899
3.73   -1018.8   -944.638
3.74   -1010.65   -937.449
3.75   -1002.59   -930.331
3.76   -994.61   -923.282
3.77   -986.717   -916.303
3.78   -978.906   -909.391
3.79   -971.178   -902.547
3.8   -963.531   -895.77
3.81   -955.964   -889.059
3.82   -948.476   -882.413
3.83   -941.066   -875.831
3.84   -933.733   -869.313
3.85   -926.476   -862.857
3.86   -919.294   -856.464
3.87   -912.187   -850.132
3.88   -905.152   -843.861
3.89   -898.189   -837.65
3.9   -891.298   -831.498
3.91   -884.476   -825.405
3.92   -877.725   -819.37
3.93   -871.042   -813.392
3.94   -864.426   -807.471
3.95   -857.877   -801.605
3.96   -851.395   -795.795
3.97   -844.977   -790.04
3.98   -838.624   -784.339
3.99   -832.334   -778.691
4   -826.108   -773.096
4.01   -819.943   -767.554
4.02   -813.839   -762.063
4.03   -807.795   -756.623
4.04   -801.812   -751.234
4.05   -795.887   -745.895
4.06   -790.021   -740.605
4.07   -784.212   -735.364
4.08   -778.46   -730.171
4.09   -772.764   -725.026
4.1   -767.123   -719.928
4.11   -761.537   -714.877
4.12   -756.005   -709.873
4.13   -750.527   -704.913
4.14   -745.102   -699.999
4.15   -739.728   -695.13
4.16   -734.407   -690.305
4.17   -729.136   -685.523
4.18   -723.915   -680.785
4.19   -718.744   -676.089
4.2   -713.623   -671.436
4.21   -708.55   -666.825
4.22   -703.524   -662.254
4.23   -698.547   -657.725
4.24   -693.616   -653.236
4.25   -688.731   -648.788
4.26   -683.892   -644.378
4.27   -679.099   -640.008
4.28   -674.35   -635.677
4.29   -669.645   -631.384
4.3   -664.984   -627.129
4.31   -660.366   -622.911
4.32   -655.791   -618.73
4.33   -651.258   -614.586
4.34   -646.766   -610.479
4.35   -642.316   -606.407
4.36   -637.907   -602.371
4.37   -633.537   -598.37
4.38   -629.208   -594.404
4.39   -624.918   -590.472
4.4   -620.667   -586.574
4.41   -616.454   -582.71
4.42   -612.28   -578.879
4.43   -608.143   -575.081
4.44   -604.043   -571.316
4.45   -599.98   -567.583
4.46   -595.953   -563.882
4.47   -591.962   -560.212
4.48   -588.007   -556.574
4.49   -584.087   -552.967
4.5   -580.202   -549.391
4.51   -576.351   -545.844
4.52   -572.534   -542.328
4.53   -568.751   -538.842
4.54   -565.001   -535.385
4.55   -561.284   -531.957
4.56   -557.599   -528.557
4.57   -553.947   -525.186
4.58   -550.326   -521.844
4.59   -546.737   -518.529
4.6   -543.179   -515.242
4.61   -539.652   -511.982
4.62   -536.155   -508.75
4.63   -532.689   -505.544
4.64   -529.252   -502.364
4.65   -525.845   -499.211
4.66   -522.467   -496.084
4.67   -519.118   -492.983
4.68   -515.797   -489.907
4.69   -512.505   -486.856
4.7   -509.241   -483.83
4.71   -506.004   -480.829
4.72   -502.795   -477.852
4.73   -499.612   -474.9
4.74   -496.457   -471.971
4.75   -493.328   -469.067
4.76   -490.225   -466.185
4.77   -487.149   -463.327
4.78   -484.098   -460.492
4.79   -481.072   -457.68
4.8   -478.071   -454.89
4.81   -475.096   -452.123
4.82   -472.145   -449.378
4.83   -469.219   -446.655
4.84   -466.316   -443.953
4.85   -463.438   -441.273
4.86   -460.583   -438.614
4.87   -457.751   -435.976
4.88   -454.943   -433.36
4.89   -452.158   -430.763
4.9   -449.395   -428.188
4.91   -446.655   -425.632
4.92   -443.937   -423.097
4.93   -441.241   -420.581
4.94   -438.567   -418.085
4.95   -435.914   -415.609
4.96   -433.283   -413.152
4.97   -430.673   -410.714
4.98   -428.084   -408.295
4.99   -425.515   -405.895
5   -422.967   -403.513
5.01   -420.439   -401.15
5.02   -417.932   -398.805
5.03   -415.444   -396.478
5.04   -412.976   -394.169
5.05   -410.528   -391.877
5.06   -408.099   -389.603
5.07   -405.688   -387.347
5.08   -403.297   -385.108
5.09   -400.925   -382.885
5.1   -398.571   -380.68
5.11   -396.236   -378.491
5.12   -393.919   -376.319
5.13   -391.62   -374.164
5.14   -389.338   -372.025
5.15   -387.075   -369.901
5.16   -384.829   -367.794
5.17   -382.6   -365.703
5.18   -380.388   -363.627
5.19   -378.194   -361.567
5.2   -376.016   -359.522
5.21   -373.855   -357.492
5.22   -371.711   -355.478
5.23   -369.583   -353.478
5.24   -367.471   -351.494
5.25   -365.375   -349.524
5.26   -363.295   -347.568
5.27   -361.231   -345.627
5.28   -359.182   -343.701
5.29   -357.149   -341.788
5.3   -355.131   -339.89
5.31   -353.129   -338.005
5.32   -351.141   -336.134
5.33   -349.168   -334.277
5.34   -347.21   -332.434
5.35   -345.267   -330.603
5.36   -343.338   -328.787
5.37   -341.424   -326.983
5.38   -339.523   -325.192
5.39   -337.637   -323.414
5.4   -335.765   -321.65
5.41   -333.906   -319.897
5.42   -332.062   -318.158
5.43   -330.23   -316.431
5.44   -328.413   -314.716
5.45   -326.608   -313.014
5.46   -324.817   -311.323
5.47   -323.039   -309.645
5.48   -321.273   -307.979
5.49   -319.521   -306.324
5.5   -317.781   -304.682
5.51   -316.054   -303.051
5.52   -314.34   -301.431
5.53   -312.638   -299.823
5.54   -310.948   -298.226
5.55   -309.27   -296.641
5.56   -307.604   -295.066
5.57   -305.95   -293.503
5.58   -304.308   -291.95
5.59   -302.678   -290.409
5.6   -301.06   -288.878
5.61   -299.453   -287.358
5.62   -297.857   -285.848
5.63   -296.273   -284.349
5.64   -294.699   -282.86
5.65   -293.137   -281.382
5.66   -291.586   -279.913
5.67   -290.046   -278.455
5.68   -288.517   -277.007
5.69   -286.999   -275.569
5.7   -285.491   -274.141
5.71   -283.993   -272.722
5.72   -282.507   -271.314
5.73   -281.03   -269.915
5.74   -279.564   -268.525
5.75   -278.108   -267.145
5.76   -276.662   -265.774
5.77   -275.226   -264.413
5.78   -273.8   -263.06
5.79   -272.384   -261.717
5.8   -270.977   -260.383
5.81   -269.58   -259.058
5.82   -268.193   -257.742
5.83   -266.815   -256.435
5.84   -265.447   -255.136
5.85   -264.088   -253.846
5.86   -262.738   -252.565
5.87   -261.398   -251.292
5.88   -260.067   -250.028
5.89   -258.744   -248.772
5.9   -257.431   -247.525
5.91   -256.126   -246.286
5.92   -254.831   -245.055
5.93   -253.543   -243.832
5.94   -252.265   -242.617
5.95   -250.995   -241.411
5.96   -249.734   -240.212
5.97   -248.481   -239.021
5.98   -247.237   -237.838
5.99   -246.001   -236.663
6   -244.773   -235.495
6.01   -243.553   -234.335
6.02   -242.341   -233.182
6.03   -241.137   -232.037
6.04   -239.942   -230.9
6.05   -238.754   -229.77
6.06   -237.574   -228.647
6.07   -236.402   -227.531
6.08   -235.237   -226.423
6.09   -234.08   -225.322
6.1   -232.931   -224.227
6.11   -231.789   -223.14
6.12   -230.655   -222.06
6.13   -229.528   -220.987
6.14   -228.408   -219.921
6.15   -227.296   -218.861
6.16   -226.191   -217.808
6.17   -225.093   -216.762
6.18   -224.002   -215.723
6.19   -222.918   -214.69
6.2   -221.841   -213.664
6.21   -220.771   -212.644
6.22   -219.708   -211.631
6.23   -218.651   -210.624
6.24   -217.602   -209.623
6.25   -216.559   -208.629
6.26   -215.523   -207.641
6.27   -214.493   -206.659
6.28   -213.47   -205.683
6.29   -212.454   -204.714
6.3   -211.444   -203.75
6.31   -210.44   -202.793
6.32   -209.443   -201.841
6.33   -208.452   -200.895
6.34   -207.467   -199.955
6.35   -206.488   -199.022
6.36   -205.516   -198.093
6.37   -204.549   -197.171
6.38   -203.589   -196.254
6.39   -202.635   -195.343
6.4   -201.686   -194.437
6.41   -200.744   -193.537
6.42   -199.807   -192.643
6.43   -198.877   -191.754
6.44   -197.952   -190.87
6.45   -197.032   -189.992
6.46   -196.119   -189.12
6.47   -195.211   -188.252
6.48   -194.308   -187.39
6.49   -193.412   -186.533
6.5   -192.52   -185.681
6.51   -191.634   -184.834
6.52   -190.754   -183.993
6.53   -189.879   -183.157
6.54   -189.009   -182.325
6.55   -188.145   -181.499
6.56   -187.286   -180.677
6.57   -186.432   -179.861
6.58   -185.583   -179.049
6.59   -184.74   -178.242
6.6   -183.901   -177.441
6.61   -183.068   -176.643
6.62   -182.24   -175.851
6.63   -181.416   -175.063
6.64   -180.598   -174.28
6.65   -179.784   -173.502
6.66   -178.976   -172.728
6.67   -178.172   -171.959
6.68   -177.373   -171.194
6.69   -176.579   -170.434
6.7   -175.789   -169.678
6.71   -175.004   -168.927
6.72   -174.224   -168.18
6.73   -173.449   -167.438
6.74   -172.678   -166.7
6.75   -171.912   -165.966
6.76   -171.15   -165.237
6.77   -170.393   -164.511
6.78   -169.64   -163.79
6.79   -168.891   -163.073
6.8   -168.147   -162.361
6.81   -167.408   -161.652
6.82   -166.672   -160.948
6.83   -165.941   -160.247
6.84   -165.215   -159.551
6.85   -164.492   -158.859
6.86   -163.774   -158.17
6.87   -163.06   -157.486
6.88   -162.35   -156.805
6.89   -161.644   -156.129
6.9   -160.942   -155.456
6.91   -160.244   -154.787
6.92   -159.551   -154.122
6.93   -158.861   -153.461
6.94   -158.175   -152.804
6.95   -157.493   -152.15
6.96   -156.815   -151.5
6.97   -156.141   -150.854
6.98   -155.471   -150.211
6.99   -154.805   -149.572
7   -154.143   -148.936
7.01   -153.484   -148.304
7.02   -152.829   -147.676
7.03   -152.178   -147.051
7.04   -151.53   -146.43
7.05   -150.886   -145.812
7.06   -150.246   -145.198
7.07   -149.609   -144.587
7.08   -148.976   -143.98
7.09   -148.347   -143.375
7.1   -147.721   -142.775
7.11   -147.098   -142.177
7.12   -146.479   -141.583
7.13   -145.864   -140.992
7.14   -145.252   -140.405
7.15   -144.643   -139.821
7.16   -144.038   -139.24
7.17   -143.436   -138.662
7.18   -142.838   -138.087
7.19   -142.243   -137.516
7.2   -141.651   -136.947
7.21   -141.062   -136.382
7.22   -140.477   -135.82
7.23   -139.895   -135.261
7.24   -139.316   -134.705
7.25   -138.74   -134.152
7.26   -138.168   -133.602
7.27   -137.598   -133.055
7.28   -137.032   -132.511
7.29   -136.469   -131.97
7.3   -135.909   -131.432
7.31   -135.352   -130.896
7.32   -134.798   -130.364
7.33   -134.247   -129.835
7.34   -133.699   -129.308
7.35   -133.154   -128.784
7.36   -132.612   -128.263
7.37   -132.073   -127.745
7.38   -131.537   -127.23
7.39   -131.004   -126.717
7.4   -130.473   -126.207
7.41   -129.946   -125.7
7.42   -129.421   -125.196
7.43   -128.899   -124.694
7.44   -128.38   -124.195
7.45   -127.864   -123.699
7.46   -127.35   -123.205
7.47   -126.84   -122.714
7.48   -126.332   -122.225
7.49   -125.826   -121.739
7.5   -125.324   -121.256
7.51   -124.824   -120.775
7.52   -124.326   -120.296
7.53   -123.832   -119.82
7.54   -123.34   -119.347
7.55   -122.85   -118.876
7.56   -122.363   -118.408
7.57   -121.879   -117.942
7.58   -121.397   -117.478
7.59   -120.918   -117.017
7.6   -120.441   -116.559
7.61   -119.967   -116.102
7.62   -119.496   -115.648
7.63   -119.026   -115.197
7.64   -118.56   -114.748
7.65   -118.095   -114.301
7.66   -117.633   -113.856
7.67   -117.174   -113.414
7.68   -116.717   -112.974
7.69   -116.262   -112.536
7.7   -115.81   -112.101
7.71   -115.36   -111.667
7.72   -114.912   -111.236
7.73   -114.466   -110.808
7.74   -114.023   -110.381
7.75   -113.583   -109.956
7.76   -113.144   -109.534
7.77   -112.708   -109.114
7.78   -112.274   -108.696
7.79   -111.842   -108.28
7.8   -111.412   -107.866
7.81   -110.985   -107.455
7.82   -110.56   -107.045
7.83   -110.137   -106.638
7.84   -109.716   -106.232
7.85   -109.297   -105.829
7.86   -108.88   -105.428
7.87   -108.466   -105.028
7.88   -108.053   -104.631
7.89   -107.643   -104.236
7.9   -107.235   -103.842
7.91   -106.828   -103.451
7.92   -106.424   -103.062
7.93   -106.022   -102.674
7.94   -105.622   -102.289
7.95   -105.224   -101.905
7.96   -104.828   -101.523
7.97   -104.434   -101.144
7.98   -104.042   -100.766
7.99   -103.652   -100.39
8   -103.263   -100.015
8.01   -102.877   -99.6431
8.02   -102.493   -99.2727
8.03   -102.11   -98.904
8.04   -101.73   -98.5372
8.05   -101.351   -98.1722
8.06   -100.974   -97.809
8.07   -100.6   -97.4476
8.08   -100.226   -97.0879
8.09   -99.8553   -96.73
8.1   -99.4859   -96.3739
8.11   -99.1183   -96.0195
8.12   -98.7526   -95.6668
8.13   -98.3886   -95.3159
8.14   -98.0265   -94.9666
8.15   -97.6661   -94.6191
8.16   -97.3074   -94.2733
8.17   -96.9506   -93.9291
8.18   -96.5954   -93.5866
8.19   -96.242   -93.2458
8.2   -95.8904   -92.9066
8.21   -95.5404   -92.569
8.22   -95.1921   -92.2331
8.23   -94.8456   -91.8988
8.24   -94.5007   -91.5661
8.25   -94.1575   -91.235
8.26   -93.8159   -90.9055
8.27   -93.476   -90.5776
8.28   -93.1377   -90.2513
8.29   -92.8011   -89.9265
8.3   -92.466   -89.6033
8.31   -92.1326   -89.2816
8.32   -91.8008   -88.9614
8.33   -91.4706   -88.6428
8.34   -91.142   -88.3257
8.35   -90.8149   -88.0101
8.36   -90.4894   -87.696
8.37   -90.1655   -87.3834
8.38   -89.8431   -87.0722
8.39   -89.5222   -86.7626
8.4   -89.2028   -86.4544
8.41   -88.885   -86.1476
8.42   -88.5687   -85.8424
8.43   -88.2539   -85.5385
8.44   -87.9406   -85.2361
8.45   -87.6287   -84.9351
8.46   -87.3183   -84.6355
8.47   -87.0094   -84.3373
8.48   -86.702   -84.0405
8.49   -86.396   -83.7451
8.5   -86.0914   -83.4511
8.51   -85.7883   -83.1584
8.52   -85.4865   -82.8671
8.53   -85.1862   -82.5772
8.54   -84.8873   -82.2886
8.55   -84.5898   -82.0013
8.56   -84.2937   -81.7154
8.57   -83.999   -81.4308
8.58   -83.7056   -81.1476
8.59   -83.4136   -80.8656
8.6   -83.123   -80.585
8.61   -82.8337   -80.3056
8.62   -82.5458   -80.0275
8.63   -82.2591   -79.7507
8.64   -81.9739   -79.4752
8.65   -81.6899   -79.2009
8.66   -81.4072   -78.9279
8.67   -81.1259   -78.6562
8.68   -80.8458   -78.3857
8.69   -80.567   -78.1164
8.7   -80.2895   -77.8484
8.71   -80.0133   -77.5816
8.72   -79.7383   -77.316
8.73   -79.4646   -77.0516
8.74   -79.1922   -76.7884
8.75   -78.921   -76.5264
8.76   -78.651   -76.2656
8.77   -78.3823   -76.0059
8.78   -78.1147   -75.7475
8.79   -77.8484   -75.4902
8.8   -77.5834   -75.2341
8.81   -77.3195   -74.9791
8.82   -77.0568   -74.7253
8.83   -76.7953   -74.4726
8.84   -76.5349   -74.2211
8.85   -76.2758   -73.9707
8.86   -76.0178   -73.7214
8.87   -75.761   -73.4732
8.88   -75.5053   -73.2262
8.89   -75.2508   -72.9802
8.9   -74.9975   -72.7354
8.91   -74.7452   -72.4916
8.92   -74.4941   -72.2489
8.93   -74.2441   -72.0073
8.94   -73.9953   -71.7668
8.95   -73.7475   -71.5273
8.96   -73.5009   -71.2889
8.97   -73.2553   -71.0516
8.98   -73.0109   -70.8153
8.99   -72.7675   -70.5801
9   -72.5252   -70.3459
9.01   -72.284   -70.1127
9.02   -72.0439   -69.8806
9.03   -71.8048   -69.6494
9.04   -71.5667   -69.4193
9.05   -71.3298   -69.1903
9.06   -71.0938   -68.9622
9.07   -70.8589   -68.7351
9.08   -70.6251   -68.509
9.09   -70.3923   -68.2839
9.1   -70.1605   -68.0598
9.11   -69.9297   -67.8366
9.12   -69.6999   -67.6144
9.13   -69.4711   -67.3932
9.14   -69.2433   -67.173
9.15   -69.0166   -66.9537
9.16   -68.7908   -66.7354
9.17   -68.566   -66.518
9.18   -68.3421   -66.3016
9.19   -68.1193   -66.086
9.2   -67.8974   -65.8715
9.21   -67.6765   -65.6578
9.22   -67.4565   -65.4451
9.23   -67.2375   -65.2333
9.24   -67.0194   -65.0224
9.25   -66.8023   -64.8124
9.26   -66.5861   -64.6033
9.27   -66.3708   -64.3951
9.28   -66.1565   -64.1878
9.29   -65.9431   -63.9814
9.3   -65.7306   -63.7759
9.31   -65.519   -63.5712
9.32   -65.3084   -63.3674
9.33   -65.0986   -63.1645
9.34   -64.8897   -62.9625
9.35   -64.6817   -62.7613
9.36   -64.4747   -62.561
9.37   -64.2684   -62.3615
9.38   -64.0631   -62.1628
9.39   -63.8587   -61.965
9.4   -63.6551   -61.7681
9.41   -63.4523   -61.572
9.42   -63.2505   -61.3767
9.43   -63.0495   -61.1822
9.44   -62.8493   -60.9885
9.45   -62.65   -60.7957
9.46   -62.4515   -60.6037
9.47   -62.2539   -60.4124
9.48   -62.0571   -60.222
9.49   -61.8611   -60.0324
9.5   -61.666   -59.8436
9.51   -61.4717   -59.6555
9.52   -61.2782   -59.4683
9.53   -61.0855   -59.2818
9.54   -60.8936   -59.0961
9.55   -60.7025   -58.9112
9.56   -60.5122   -58.7271
9.57   -60.3227   -58.5437
9.58   -60.134   -58.3611
9.59   -59.9461   -58.1792
9.6   -59.7589   -57.9981
9.61   -59.5726   -57.8177
9.62   -59.387   -57.6381
9.63   -59.2022   -57.4592
9.64   -59.0181   -57.2811
9.65   -58.8348   -57.1037
9.66   -58.6523   -56.927
9.67   -58.4705   -56.7511
9.68   -58.2895   -56.5759
9.69   -58.1092   -56.4014
9.7   -57.9297   -56.2276
9.71   -57.7509   -56.0545
9.72   -57.5729   -55.8822
9.73   -57.3955   -55.7105
9.74   -57.2189   -55.5396
9.75   -57.043   -55.3693
9.76   -56.8679   -55.1997
9.77   -56.6934   -55.0309
9.78   -56.5197   -54.8627
9.79   -56.3467   -54.6952
9.8   -56.1744   -54.5284
9.81   -56.0028   -54.3622
9.82   -55.8319   -54.1967
9.83   -55.6616   -54.0319
9.84   -55.4921   -53.8678
9.85   -55.3233   -53.7043
9.86   -55.1551   -53.5415
9.87   -54.9876   -53.3794
9.88   -54.8208   -53.2179
9.89   -54.6547   -53.057
9.9   -54.4893   -52.8968
9.91   -54.3245   -52.7373
9.92   -54.1604   -52.5783
9.93   -53.9969   -52.4201
9.94   -53.8341   -52.2624
9.95   -53.6719   -52.1054
9.96   -53.5104   -51.949
9.97   -53.3496   -51.7932
9.98   -53.1894   -51.6381
9.99   -53.0298   -51.4836
10   -52.8709   -51.3296
10.01   -52.7126   -51.1763
10.02   -52.5549   -51.0236
10.03   -52.3979   -50.8716
10.04   -52.2415   -50.7201
10.05   -52.0857   -50.5692
10.06   -51.9305   -50.4189
10.07   -51.776   -50.2692
10.08   -51.622   -50.1201
10.09   -51.4687   -49.9716
10.1   -51.316   -49.8237
10.11   -51.1638   -49.6763
10.12   -51.0123   -49.5296
10.13   -50.8614   -49.3834
10.14   -50.7111   -49.2378
10.15   -50.5613   -49.0927
10.16   -50.4122   -48.9483
10.17   -50.2636   -48.8044
10.18   -50.1156   -48.661
10.19   -49.9682   -48.5182
10.2   -49.8214   -48.376
10.21   -49.6752   -48.2343
10.22   -49.5295   -48.0932
10.23   -49.3844   -47.9527
10.24   -49.2398   -47.8126
10.25   -49.0959   -47.6731
10.26   -48.9525   -47.5342
10.27   -48.8096   -47.3958
10.28   -48.6673   -47.2579
10.29   -48.5255   -47.1206
10.3   -48.3843   -46.9838
10.31   -48.2437   -46.8475
10.32   -48.1036   -46.7118
10.33   -47.964   -46.5766
10.34   -47.825   -46.4419
10.35   -47.6865   -46.3077
10.36   -47.5486   -46.174
10.37   -47.4111   -46.0409
10.38   -47.2742   -45.9082
10.39   -47.1379   -45.7761
10.4   -47.002   -45.6445
10.41   -46.8667   -45.5134
10.42   -46.7319   -45.3827
10.43   -46.5976   -45.2526
10.44   -46.4638   -45.123
10.45   -46.3306   -44.9938
10.46   -46.1978   -44.8652
10.47   -46.0656   -44.737
10.48   -45.9338   -44.6094
10.49   -45.8026   -44.4822
10.5   -45.6719   -44.3555
10.51   -45.5416   -44.2293
10.52   -45.4119   -44.1035
10.53   -45.2826   -43.9783
10.54   -45.1538   -43.8535
10.55   -45.0256   -43.7292
10.56   -44.8978   -43.6053
10.57   -44.7705   -43.4819
10.58   -44.6436   -43.359
10.59   -44.5173   -43.2366
10.6   -44.3914   -43.1146
10.61   -44.266   -42.993
10.62   -44.1411   -42.8719
10.63   -44.0166   -42.7513
10.64   -43.8926   -42.6311
10.65   -43.7691   -42.5114
10.66   -43.6461   -42.3921
10.67   -43.5234   -42.2733
10.68   -43.4013   -42.1549
10.69   -43.2796   -42.037
10.7   -43.1584   -41.9194
10.71   -43.0376   -41.8024
10.72   -42.9173   -41.6857
10.73   -42.7974   -41.5695
10.74   -42.678   -41.4537
10.75   -42.559   -41.3384
10.76   -42.4404   -41.2235
10.77   -42.3223   -41.109
10.78   -42.2046   -40.9949
10.79   -42.0874   -40.8813
10.8   -41.9706   -40.768
10.81   -41.8542   -40.6552
10.82   -41.7383   -40.5428
10.83   -41.6228   -40.4308
10.84   -41.5077   -40.3193
10.85   -41.393   -40.2081
10.86   -41.2788   -40.0974
10.87   -41.165   -39.987
10.88   -41.0516   -39.8771
10.89   -40.9386   -39.7675
10.9   -40.826   -39.6584
10.91   -40.7139   -39.5496
10.92   -40.6021   -39.4413
10.93   -40.4908   -39.3333
10.94   -40.3798   -39.2258
10.95   -40.2693   -39.1186
10.96   -40.1592   -39.0118
10.97   -40.0495   -38.9055
10.98   -39.9401   -38.7995
10.99   -39.8312   -38.6938
11   -39.7227   -38.5886
11.01   -39.6145   -38.4837
11.02   -39.5068   -38.3793
11.03   -39.3994   -38.2752
11.04   -39.2925   -38.1714
11.05   -39.1859   -38.0681
11.06   -39.0797   -37.9651
11.07   -38.9739   -37.8625
11.08   -38.8685   -37.7603
11.09   -38.7634   -37.6584
11.1   -38.6587   -37.5569
11.11   -38.5544   -37.4558
11.12   -38.4505   -37.355
11.13   -38.347   -37.2546
11.14   -38.2438   -37.1545
11.15   -38.141   -37.0548
11.16   -38.0386   -36.9555
11.17   -37.9365   -36.8565
11.18   -37.8348   -36.7579
11.19   -37.7334   -36.6596
11.2   -37.6324   -36.5616
11.21   -37.5318   -36.4641
11.22   -37.4316   -36.3668
11.23   -37.3317   -36.2699
11.24   -37.2321   -36.1734
11.25   -37.1329   -36.0772
11.26   -37.0341   -35.9813
11.27   -36.9356   -35.8858
11.28   -36.8374   -35.7906
11.29   -36.7396   -35.6957
11.3   -36.6422   -35.6012
11.31   -36.5451   -35.507
11.32   -36.4483   -35.4132
11.33   -36.3519   -35.3196
11.34   -36.2558   -35.2264
11.35   -36.16   -35.1336
11.36   -36.0646   -35.041
11.37   -35.9696   -34.9488
11.38   -35.8748   -34.8569
11.39   -35.7804   -34.7653
11.4   -35.6863   -34.6741
11.41   -35.5926   -34.5832
11.42   -35.4992   -34.4925
11.43   -35.4061   -34.4022
11.44   -35.3133   -34.3122
11.45   -35.2209   -34.2226
11.46   -35.1288   -34.1332
11.47   -35.037   -34.0442
11.48   -34.9455   -33.9554
11.49   -34.8543   -33.867
11.5   -34.7635   -33.7789
11.51   -34.6729   -33.691
11.52   -34.5827   -33.6035
11.53   -34.4928   -33.5163
11.54   -34.4032   -33.4294
11.55   -34.3139   -33.3428
11.56   -34.225   -33.2565
11.57   -34.1363   -33.1704
11.58   -34.0479   -33.0847
11.59   -33.9599   -32.9993
11.6   -33.8721   -32.9142
11.61   -33.7847   -32.8293
11.62   -33.6975   -32.7448
11.63   -33.6107   -32.6605
11.64   -33.5241   -32.5765
11.65   -33.4379   -32.4928
11.66   -33.3519   -32.4094
11.67   -33.2663   -32.3263
11.68   -33.1809   -32.2435
11.69   -33.0958   -32.161
11.7   -33.011   -32.0787
11.71   -32.9265   -31.9967
11.72   -32.8423   -31.915
11.73   -32.7584   -31.8336
11.74   -32.6747   -31.7524
11.75   -32.5914   -31.6715
11.76   -32.5083   -31.5909
11.77   -32.4255   -31.5106
11.78   -32.343   -31.4306
11.79   -32.2608   -31.3508
11.8   -32.1789   -31.2713
11.81   -32.0972   -31.192
11.82   -32.0158   -31.113
11.83   -31.9347   -31.0343
11.84   -31.8538   -30.9559
11.85   -31.7732   -30.8777
11.86   -31.6929   -30.7997
11.87   -31.6129   -30.7221
11.88   -31.5331   -30.6447
11.89   -31.4536   -30.5675
11.9   -31.3744   -30.4907
11.91   -31.2955   -30.414
11.92   -31.2168   -30.3377
11.93   -31.1383   -30.2616
11.94   -31.0602   -30.1857
11.95   -30.9822   -30.1101
11.96   -30.9046   -30.0347
11.97   -30.8272   -29.9596
11.98   -30.7501   -29.8848
11.99   -30.6732   -29.8102
12   -30.5966   -29.7358
12.01   -30.5202   -29.6617
12.02   -30.4441   -29.5878
12.03   -30.3682   -29.5142
12.04   -30.2926   -29.4409
12.05   -30.2173   -29.3677
12.06   -30.1422   -29.2948
12.07   -30.0673   -29.2222
12.08   -29.9927   -29.1498
12.09   -29.9184   -29.0776
12.1   -29.8442   -29.0057
12.11   -29.7704   -28.934
12.12   -29.6967   -28.8625
12.13   -29.6233   -28.7913
12.14   -29.5502   -28.7203
12.15   -29.4773   -28.6495
12.16   -29.4046   -28.579
12.17   -29.3322   -28.5087
12.18   -29.26   -28.4387
12.19   -29.1881   -28.3688
12.2   -29.1164   -28.2992
12.21   -29.0449   -28.2298
12.22   -28.9736   -28.1607
12.23   -28.9026   -28.0918
12.24   -28.8318   -28.0231
12.25   -28.7613   -27.9546
12.26   -28.691   -27.8863
12.27   -28.6209   -27.8183
12.28   -28.551   -27.7505
12.29   -28.4814   -27.6829
12.3   -28.412   -27.6155
12.31   -28.3428   -27.5483
12.32   -28.2738   -27.4814
12.33   -28.2051   -27.4147
12.34   -28.1366   -27.3482
12.35   -28.0683   -27.2819
12.36   -28.0002   -27.2158
12.37   -27.9323   -27.1499
12.38   -27.8647   -27.0843
12.39   -27.7973   -27.0189
12.4   -27.7301   -26.9536
12.41   -27.6631   -26.8886
12.42   -27.5964   -26.8238
12.43   -27.5298   -26.7592
12.44   -27.4635   -26.6948
12.45   -27.3973   -26.6306
12.46   -27.3314   -26.5666
12.47   -27.2657   -26.5028
12.48   -27.2002   -26.4393
12.49   -27.135   -26.3759
12.5   -27.0699   -26.3127
12.51   -27.005   -26.2497
12.52   -26.9404   -26.187
12.53   -26.8759   -26.1244
12.54   -26.8117   -26.062
12.55   -26.7476   -25.9999
12.56   -26.6838   -25.9379
12.57   -26.6202   -25.8761
12.58   -26.5567   -25.8145
12.59   -26.4935   -25.7531
12.6   -26.4305   -25.692
12.61   -26.3676   -25.631
12.62   -26.305   -25.5702
12.63   -26.2426   -25.5095
12.64   -26.1803   -25.4491
12.65   -26.1183   -25.3889
12.66   -26.0565   -25.3288
12.67   -25.9948   -25.269
12.68   -25.9334   -25.2093
12.69   -25.8721   -25.1498
12.7   -25.811   -25.0906
12.71   -25.7502   -25.0315
12.72   -25.6895   -24.9725
12.73   -25.629   -24.9138
12.74   -25.5687   -24.8552
12.75   -25.5086   -24.7969
12.76   -25.4486   -24.7387
12.77   -25.3889   -24.6807
12.78   -25.3293   -24.6229
12.79   -25.27   -24.5652
12.8   -25.2108   -24.5078
12.81   -25.1518   -24.4505
12.82   -25.093   -24.3934
12.83   -25.0344   -24.3365
12.84   -24.9759   -24.2797
12.85   -24.9177   -24.2231
12.86   -24.8596   -24.1667
12.87   -24.8017   -24.1105
12.88   -24.7439   -24.0545
12.89   -24.6864   -23.9986
12.9   -24.629   -23.9429
12.91   -24.5718   -23.8874
12.92   -24.5148   -23.832
12.93   -24.458   -23.7768
12.94   -24.4013   -23.7218
12.95   -24.3449   -23.6669
12.96   -24.2885   -23.6123
12.97   -24.2324   -23.5577
12.98   -24.1764   -23.5034
12.99   -24.1207   -23.4492
13   -24.065   -23.3952
13.01   -24.0096   -23.3414
13.02   -23.9543   -23.2877
13.03   -23.8992   -23.2342
13.04   -23.8443   -23.1808
13.05   -23.7895   -23.1276
13.06   -23.7349   -23.0746
13.07   -23.6804   -23.0217
13.08   -23.6262   -22.969
13.09   -23.5721   -22.9165
13.1   -23.5181   -22.8641
13.11   -23.4643   -22.8119
13.12   -23.4107   -22.7598
13.13   -23.3573   -22.7079
13.14   -23.304   -22.6562
13.15   -23.2509   -22.6046
13.16   -23.1979   -22.5531
13.17   -23.1451   -22.5019
13.18   -23.0925   -22.4507
13.19   -23.04   -22.3998
13.2   -22.9877   -22.349
13.21   -22.9355   -22.2983
13.22   -22.8835   -22.2478
13.23   -22.8316   -22.1974
13.24   -22.7799   -22.1472
13.25   -22.7284   -22.0972
13.26   -22.677   -22.0473
13.27   -22.6258   -21.9975
13.28   -22.5747   -21.9479
13.29   -22.5238   -21.8985
13.3   -22.473   -21.8492
13.31   -22.4224   -21.8
13.32   -22.372   -21.751
13.33   -22.3216   -21.7021
13.34   -22.2715   -21.6534
13.35   -22.2215   -21.6048
13.36   -22.1716   -21.5564
13.37   -22.1219   -21.5081
13.38   -22.0723   -21.46
13.39   -22.0229   -21.412
13.4   -21.9736   -21.3641
13.41   -21.9245   -21.3164
13.42   -21.8756   -21.2689
13.43   -21.8267   -21.2214
13.44   -21.778   -21.1742
13.45   -21.7295   -21.127
13.46   -21.6811   -21.08
13.47   -21.6329   -21.0331
13.48   -21.5847   -20.9864
13.49   -21.5368   -20.9398
13.5   -21.489   -20.8934
13.51   -21.4413   -20.8471
13.52   -21.3937   -20.8009
13.53   -21.3463   -20.7548
13.54   -21.2991   -20.7089
13.55   -21.2519   -20.6632
13.56   -21.205   -20.6175
13.57   -21.1581   -20.572
13.58   -21.1114   -20.5267
13.59   -21.0648   -20.4814
13.6   -21.0184   -20.4363
13.61   -20.9721   -20.3913
13.62   -20.926   -20.3465
13.63   -20.8799   -20.3018
13.64   -20.834   -20.2572
13.65   -20.7883   -20.2128
13.66   -20.7427   -20.1685
13.67   -20.6972   -20.1243
13.68   -20.6518   -20.0802
13.69   -20.6066   -20.0363
13.7   -20.5615   -19.9925
13.71   -20.5165   -19.9488
13.72   -20.4717   -19.9053
13.73   -20.427   -19.8619
13.74   -20.3824   -19.8186
13.75   -20.338   -19.7754
13.76   -20.2937   -19.7324
13.77   -20.2495   -19.6894
13.78   -20.2055   -19.6466
13.79   -20.1615   -19.604
13.8   -20.1177   -19.5614
13.81   -20.0741   -19.519
13.82   -20.0305   -19.4767
13.83   -19.9871   -19.4345
13.84   -19.9438   -19.3925
13.85   -19.9006   -19.3505
13.86   -19.8576   -19.3087
13.87   -19.8147   -19.267
13.88   -19.7719   -19.2254
13.89   -19.7292   -19.184
13.9   -19.6867   -19.1427
13.91   -19.6442   -19.1014
13.92   -19.6019   -19.0603
13.93   -19.5597   -19.0194
13.94   -19.5177   -18.9785
13.95   -19.4757   -18.9377
13.96   -19.4339   -18.8971
13.97   -19.3922   -18.8566
13.98   -19.3506   -18.8162
13.99   -19.3092   -18.7759
14   -19.2678   -18.7357
14.01   -19.2266   -18.6957
14.02   -19.1855   -18.6558
14.03   -19.1445   -18.6159
14.04   -19.1036   -18.5762
14.05   -19.0628   -18.5366
14.06   -19.0222   -18.4971
14.07   -18.9817   -18.4577
14.08   -18.9412   -18.4185
14.09   -18.9009   -18.3793
14.1   -18.8608   -18.3403
14.11   -18.8207   -18.3014
14.12   -18.7807   -18.2625
14.13   -18.7409   -18.2238
14.14   -18.7012   -18.1852
14.15   -18.6615   -18.1467
14.16   -18.622   -18.1083
14.17   -18.5826   -18.0701
14.18   -18.5433   -18.0319
14.19   -18.5042   -17.9938
14.2   -18.4651   -17.9559
14.21   -18.4261   -17.918
14.22   -18.3873   -17.8803
14.23   -18.3486   -17.8426
14.24   -18.3099   -17.8051
14.25   -18.2714   -17.7677
14.26   -18.233   -17.7304
14.27   -18.1947   -17.6932
14.28   -18.1565   -17.656
14.29   -18.1184   -17.619
14.3   -18.0804   -17.5821
14.31   -18.0425   -17.5453
14.32   -18.0048   -17.5086
14.33   -17.9671   -17.472
14.34   -17.9295   -17.4355
14.35   -17.8921   -17.3991
14.36   -17.8547   -17.3628
14.37   -17.8175   -17.3266
14.38   -17.7803   -17.2906
14.39   -17.7433   -17.2546
14.4   -17.7064   -17.2187
14.41   -17.6695   -17.1829
14.42   -17.6328   -17.1472
14.43   -17.5961   -17.1116
14.44   -17.5596   -17.0761
14.45   -17.5232   -17.0407
14.46   -17.4869   -17.0054
14.47   -17.4506   -16.9702
14.48   -17.4145   -16.9351
14.49   -17.3785   -16.9001
14.5   -17.3425   -16.8652
14.51   -17.3067   -16.8303
14.52   -17.271   -16.7956
14.53   -17.2353   -16.761
14.54   -17.1998   -16.7265
14.55   -17.1644   -16.692
14.56   -17.129   -16.6577
14.57   -17.0938   -16.6234
14.58   -17.0586   -16.5893
14.59   -17.0236   -16.5552
14.6   -16.9886   -16.5213
14.61   -16.9538   -16.4874
14.62   -16.919   -16.4536
14.63   -16.8843   -16.4199
14.64   -16.8497   -16.3863
14.65   -16.8153   -16.3528
14.66   -16.7809   -16.3194
14.67   -16.7466   -16.2861
14.68   -16.7124   -16.2528
14.69   -16.6783   -16.2197
14.7   -16.6443   -16.1866
14.71   -16.6103   -16.1537
14.72   -16.5765   -16.1208
14.73   -16.5428   -16.088
14.74   -16.5091   -16.0553
14.75   -16.4756   -16.0227
14.76   -16.4421   -15.9902
14.77   -16.4087   -15.9578
14.78   -16.3755   -15.9254
14.79   -16.3423   -15.8932
14.8   -16.3092   -15.861
14.81   -16.2761   -15.8289
14.82   -16.2432   -15.7969
14.83   -16.2104   -15.765
14.84   -16.1776   -15.7332
14.85   -16.145   -15.7014
14.86   -16.1124   -15.6698
14.87   -16.0799   -15.6382
14.88   -16.0475   -15.6067
14.89   -16.0152   -15.5753
14.9   -15.983   -15.544
14.91   -15.9508   -15.5128
14.92   -15.9188   -15.4816
14.93   -15.8868   -15.4506
14.94   -15.8549   -15.4196
14.95   -15.8232   -15.3887
14.96   -15.7914   -15.3579
14.97   -15.7598   -15.3272
14.98   -15.7283   -15.2965
14.99   -15.6968   -15.2659
15   -15.6654   -15.2354
15.01   -15.6342   -15.205
15.02   -15.603   -15.1747
15.03   -15.5718   -15.1445
15.04   -15.5408   -15.1143
15.05   -15.5098   -15.0842
15.06   -15.479   -15.0542
15.07   -15.4482   -15.0243
15.08   -15.4174   -14.9944
15.09   -15.3868   -14.9647
15.1   -15.3563   -14.935
15.11   -15.3258   -14.9054
15.12   -15.2954   -14.8758
15.13   -15.2651   -14.8464
15.14   -15.2349   -14.817
15.15   -15.2047   -14.7877
15.16   -15.1747   -14.7585
15.17   -15.1447   -14.7293
15.18   -15.1148   -14.7002
15.19   -15.0849   -14.6713
15.2   -15.0552   -14.6423
15.21   -15.0255   -14.6135
15.22   -14.9959   -14.5847
15.23   -14.9664   -14.556
15.24   -14.9369   -14.5274
15.25   -14.9076   -14.4989
15.26   -14.8783   -14.4704
15.27   -14.8491   -14.442
15.28   -14.8199   -14.4137
15.29   -14.7909   -14.3855
15.3   -14.7619   -14.3573
15.31   -14.733   -14.3292
15.32   -14.7042   -14.3012
15.33   -14.6754   -14.2732
15.34   -14.6467   -14.2454
15.35   -14.6181   -14.2176
15.36   -14.5896   -14.1898
15.37   -14.5611   -14.1622
15.38   -14.5327   -14.1346
15.39   -14.5044   -14.1071
15.4   -14.4762   -14.0796
15.41   -14.448   -14.0522
15.42   -14.4199   -14.0249
15.43   -14.3919   -13.9977
15.44   -14.364   -13.9705
15.45   -14.3361   -13.9435
15.46   -14.3083   -13.9164
15.47   -14.2806   -13.8895
15.48   -14.2529   -13.8626
15.49   -14.2253   -13.8358
15.5   -14.1978   -13.809
15.51   -14.1704   -13.7824
15.52   -14.143   -13.7558
15.53   -14.1157   -13.7292
15.54   -14.0885   -13.7028
15.55   -14.0613   -13.6764
15.56   -14.0342   -13.65
15.57   -14.0072   -13.6238
15.58   -13.9802   -13.5976
15.59   -13.9533   -13.5714
15.6   -13.9265   -13.5454
15.61   -13.8998   -13.5194
15.62   -13.8731   -13.4934
15.63   -13.8465   -13.4676
15.64   -13.8199   -13.4418
15.65   -13.7935   -13.416
15.66   -13.7671   -13.3904
15.67   -13.7407   -13.3648
15.68   -13.7144   -13.3392
15.69   -13.6882   -13.3137
15.7   -13.6621   -13.2883
15.71   -13.636   -13.263
15.72   -13.61   -13.2377
15.73   -13.5841   -13.2125
15.74   -13.5582   -13.1874
15.75   -13.5324   -13.1623
15.76   -13.5067   -13.1372
15.77   -13.481   -13.1123
15.78   -13.4554   -13.0874
15.79   -13.4298   -13.0626
15.8   -13.4043   -13.0378
15.81   -13.3789   -13.0131
15.82   -13.3536   -12.9884
15.83   -13.3283   -12.9638
15.84   -13.303   -12.9393
15.85   -13.2779   -12.9149
15.86   -13.2528   -12.8905
15.87   -13.2277   -12.8661
15.88   -13.2028   -12.8419
15.89   -13.1779   -12.8176
15.9   -13.153   -12.7935
15.91   -13.1282   -12.7694
15.92   -13.1035   -12.7454
15.93   -13.0788   -12.7214
15.94   -13.0542   -12.6975
15.95   -13.0297   -12.6736
15.96   -13.0052   -12.6498
15.97   -12.9808   -12.6261
15.98   -12.9565   -12.6024
15.99   -12.9322   -12.5788
16   -12.9079   -12.5552
16.01   -12.8838   -12.5317
16.02   -12.8596   -12.5083
16.03   -12.8356   -12.4849
16.04   -12.8116   -12.4616
16.05   -12.7877   -12.4383
16.06   -12.7638   -12.4151
16.07   -12.74   -12.392
16.08   -12.7162   -12.3689
16.09   -12.6925   -12.3459
16.1   -12.6689   -12.3229
16.11   -12.6453   -12.3
16.12   -12.6218   -12.2771
16.13   -12.5983   -12.2543
16.14   -12.5749   -12.2315
16.15   -12.5516   -12.2089
16.16   -12.5283   -12.1862
16.17   -12.5051   -12.1636
16.18   -12.4819   -12.1411
16.19   -12.4588   -12.1186
16.2   -12.4357   -12.0962
16.21   -12.4127   -12.0739
16.22   -12.3898   -12.0516
16.23   -12.3669   -12.0293
16.24   -12.3441   -12.0071
16.25   -12.3213   -11.985
16.26   -12.2986   -11.9629
16.27   -12.2759   -11.9409
16.28   -12.2533   -11.9189
16.29   -12.2308   -11.897
16.3   -12.2083   -11.8751
16.31   -12.1858   -11.8533
16.32   -12.1634   -11.8315
16.33   -12.1411   -11.8098
16.34   -12.1188   -11.7881
16.35   -12.0966   -11.7665
16.36   -12.0744   -11.745
16.37   -12.0523   -11.7235
16.38   -12.0303   -11.702
16.39   -12.0082   -11.6806
16.4   -11.9863   -11.6593
16.41   -11.9644   -11.638
16.42   -11.9426   -11.6168
16.43   -11.9208   -11.5956
16.44   -11.899   -11.5744
16.45   -11.8773   -11.5534
16.46   -11.8557   -11.5323
16.47   -11.8341   -11.5114
16.48   -11.8126   -11.4904
16.49   -11.7911   -11.4695
16.5   -11.7697   -11.4487
16.51   -11.7483   -11.4279
16.52   -11.727   -11.4072
16.53   -11.7057   -11.3865
16.54   -11.6845   -11.3659
16.55   -11.6633   -11.3453
16.56   -11.6422   -11.3248
16.57   -11.6211   -11.3043
16.58   -11.6001   -11.2839
16.59   -11.5792   -11.2635
16.6   -11.5583   -11.2432
16.61   -11.5374   -11.2229
16.62   -11.5166   -11.2026
16.63   -11.4958   -11.1825
16.64   -11.4751   -11.1623
16.65   -11.4544   -11.1422
16.66   -11.4338   -11.1222
16.67   -11.4133   -11.1022
16.68   -11.3927   -11.0822
16.69   -11.3723   -11.0624
16.7   -11.3519   -11.0425
16.71   -11.3315   -11.0227
16.72   -11.3112   -11.0029
16.73   -11.2909   -10.9832
16.74   -11.2707   -10.9636
16.75   -11.2505   -10.944
16.76   -11.2304   -10.9244
16.77   -11.2103   -10.9049
16.78   -11.1903   -10.8854
16.79   -11.1703   -10.866
16.8   -11.1504   -10.8466
16.81   -11.1305   -10.8273
16.82   -11.1106   -10.808
16.83   -11.0908   -10.7887
16.84   -11.0711   -10.7695
16.85   -11.0514   -10.7504
16.86   -11.0317   -10.7313
16.87   -11.0121   -10.7122
16.88   -10.9926   -10.6932
16.89   -10.9731   -10.6742
16.9   -10.9536   -10.6553
16.91   -10.9342   -10.6364
16.92   -10.9148   -10.6176
16.93   -10.8955   -10.5988
16.94   -10.8762   -10.58
16.95   -10.8569   -10.5613
16.96   -10.8377   -10.5427
16.97   -10.8186   -10.524
16.98   -10.7995   -10.5055
16.99   -10.7804   -10.4869
17   -10.7614   -10.4684
17.01   -10.7425   -10.45
17.02   -10.7235   -10.4316
17.03   -10.7047   -10.4132
17.04   -10.6858   -10.3949
17.05   -10.667   -10.3767
17.06   -10.6483   -10.3584
17.07   -10.6296   -10.3403
17.08   -10.6109   -10.3221
17.09   -10.5923   -10.304
17.1   -10.5737   -10.286
17.11   -10.5552   -10.2679
17.12   -10.5367   -10.25
17.13   -10.5183   -10.232
17.14   -10.4999   -10.2141
17.15   -10.4815   -10.1963
17.16   -10.4632   -10.1785
17.17   -10.4449   -10.1607
17.18   -10.4267   -10.143
17.19   -10.4085   -10.1253
17.2   -10.3904   -10.1077
17.21   -10.3723   -10.0901
17.22   -10.3542   -10.0725
17.23   -10.3362   -10.055
17.24   -10.3182   -10.0375
17.25   -10.3003   -10.0201
17.26   -10.2824   -10.0027
17.27   -10.2645   -9.98532
17.28   -10.2467   -9.96801
17.29   -10.229   -9.95073
17.3   -10.2112   -9.93349
17.31   -10.1935   -9.91629
17.32   -10.1759   -9.89914
17.33   -10.1583   -9.88202
17.34   -10.1407   -9.86494
17.35   -10.1232   -9.8479
17.36   -10.1057   -9.8309
17.37   -10.0883   -9.81394
17.38   -10.0709   -9.79701
17.39   -10.0535   -9.78013
17.4   -10.0362   -9.76329
17.41   -10.0189   -9.74648
17.42   -10.0017   -9.72971
17.43   -9.98446   -9.71298
17.44   -9.96729   -9.69629
17.45   -9.95016   -9.67964
17.46   -9.93308   -9.66303
17.47   -9.91603   -9.64645
17.48   -9.89902   -9.62991
17.49   -9.88205   -9.61341
17.5   -9.86512   -9.59695
17.51   -9.84823   -9.58052
17.52   -9.83137   -9.56413
17.53   -9.81456   -9.54778
17.54   -9.79778   -9.53147
17.55   -9.78104   -9.51519
17.56   -9.76434   -9.49895
17.57   -9.74768   -9.48275
17.58   -9.73106   -9.46659
17.59   -9.71447   -9.45046
17.6   -9.69792   -9.43437
17.61   -9.68141   -9.41831
17.62   -9.66493   -9.40229
17.63   -9.6485   -9.38631
17.64   -9.6321   -9.37036
17.65   -9.61573   -9.35445
17.66   -9.59941   -9.33858
17.67   -9.58312   -9.32274
17.68   -9.56687   -9.30693
17.69   -9.55065   -9.29117
17.7   -9.53447   -9.27543
17.71   -9.51833   -9.25974
17.72   -9.50223   -9.24408
17.73   -9.48616   -9.22845
17.74   -9.47013   -9.21286
17.75   -9.45413   -9.19731
17.76   -9.43817   -9.18179
17.77   -9.42224   -9.1663
17.78   -9.40635   -9.15085
17.79   -9.3905   -9.13543
17.8   -9.37468   -9.12005
17.81   -9.3589   -9.1047
17.82   -9.34315   -9.08939
17.83   -9.32744   -9.07411
17.84   -9.31177   -9.05887
17.85   -9.29612   -9.04366
17.86   -9.28052   -9.02848
17.87   -9.26495   -9.01334
17.88   -9.24941   -8.99823
17.89   -9.23391   -8.98316
17.9   -9.21844   -8.96812
17.91   -9.20301   -8.95311
17.92   -9.18761   -8.93814
17.93   -9.17225   -8.9232
17.94   -9.15692   -8.90829
17.95   -9.14162   -8.89342
17.96   -9.12636   -8.87858
17.97   -9.11113   -8.86377
17.98   -9.09594   -8.84899
17.99   -9.08078   -8.83425
18   -9.06565   -8.81954
18.01   -9.05056   -8.80487
18.02   -9.0355   -8.79022
18.03   -9.02047   -8.77561
18.04   -9.00548   -8.76103
18.05   -8.99052   -8.74648
18.06   -8.9756   -8.73197
18.07   -8.9607   -8.71749
18.08   -8.94584   -8.70304
18.09   -8.93102   -8.68862
18.1   -8.91622   -8.67423
18.11   -8.90146   -8.65988
18.12   -8.88673   -8.64555
18.13   -8.87203   -8.63126
18.14   -8.85737   -8.617
18.15   -8.84274   -8.60277
18.16   -8.82814   -8.58857
18.17   -8.81357   -8.57441
18.18   -8.79903   -8.56027
18.19   -8.78453   -8.54616
18.2   -8.77006   -8.53209
18.21   -8.75562   -8.51805
18.22   -8.74121   -8.50404
18.23   -8.72683   -8.49006
18.24   -8.71249   -8.47611
18.25   -8.69817   -8.46219
18.26   -8.68389   -8.4483
18.27   -8.66964   -8.43444
18.28   -8.65542   -8.42061
18.29   -8.64123   -8.40681
18.3   -8.62707   -8.39304
18.31   -8.61294   -8.3793
18.32   -8.59885   -8.36559
18.33   -8.58478   -8.35191
18.34   -8.57074   -8.33827
18.35   -8.55674   -8.32465
18.36   -8.54277   -8.31106
18.37   -8.52882   -8.2975
18.38   -8.51491   -8.28397
18.39   -8.50103   -8.27047
18.4   -8.48717   -8.25699
18.41   -8.47335   -8.24355
18.42   -8.45956   -8.23014
18.43   -8.4458   -8.21675
18.44   -8.43206   -8.2034
18.45   -8.41836   -8.19007
18.46   -8.40469   -8.17677
18.47   -8.39104   -8.16351
18.48   -8.37743   -8.15027
18.49   -8.36384   -8.13705
18.5   -8.35029   -8.12387
18.51   -8.33676   -8.11072
18.52   -8.32326   -8.09759
18.53   -8.30979   -8.08449
18.54   -8.29636   -8.07142
18.55   -8.28295   -8.05838
18.56   -8.26956   -8.04537
18.57   -8.25621   -8.03238
18.58   -8.24289   -8.01943
18.59   -8.22959   -8.0065
18.6   -8.21633   -7.9936
18.61   -8.20309   -7.98072
18.62   -8.18988   -7.96787
18.63   -8.1767   -7.95506
18.64   -8.16355   -7.94226
18.65   -8.15042   -7.9295
18.66   -8.13732   -7.91676
18.67   -8.12426   -7.90405
18.68   -8.11122   -7.89137
18.69   -8.0982   -7.87872
18.7   -8.08522   -7.86609
18.71   -8.07226   -7.85349
18.72   -8.05933   -7.84091
18.73   -8.04643   -7.82837
18.74   -8.03356   -7.81585
18.75   -8.02071   -7.80335
18.76   -8.00789   -7.79088
18.77   -7.9951   -7.77844
18.78   -7.98233   -7.76603
18.79   -7.96959   -7.75364
18.8   -7.95688   -7.74128
18.81   -7.9442   -7.72894
18.82   -7.93154   -7.71663
18.83   -7.91891   -7.70435
18.84   -7.90631   -7.69209
18.85   -7.89373   -7.67986
18.86   -7.88118   -7.66766
18.87   -7.86866   -7.65548
18.88   -7.85616   -7.64333
18.89   -7.84369   -7.6312
18.9   -7.83125   -7.6191
18.91   -7.81883   -7.60702
18.92   -7.80644   -7.59497
18.93   -7.79408   -7.58294
18.94   -7.78174   -7.57094
18.95   -7.76943   -7.55897
18.96   -7.75714   -7.54702
18.97   -7.74488   -7.53509
18.98   -7.73264   -7.52319
18.99   -7.72043   -7.51132
19   -7.70825   -7.49947
19.01   -7.69609   -7.48765
19.02   -7.68396   -7.47585
19.03   -7.67185   -7.46407
19.04   -7.65977   -7.45232
19.05   -7.64771   -7.44059
19.06   -7.63568   -7.42889
19.07   -7.62368   -7.41722
19.08   -7.6117   -7.40557
19.09   -7.59974   -7.39394
19.1   -7.58781   -7.38233
19.11   -7.5759   -7.37076
19.12   -7.56402   -7.3592
19.13   -7.55217   -7.34767
19.14   -7.54034   -7.33616
19.15   -7.52853   -7.32468
19.16   -7.51675   -7.31322
19.17   -7.50499   -7.30179
19.18   -7.49326   -7.29038
19.19   -7.48155   -7.27899
19.2   -7.46987   -7.26763
19.21   -7.45821   -7.25629
19.22   -7.44657   -7.24497
19.23   -7.43496   -7.23368
19.24   -7.42337   -7.22241
19.25   -7.41181   -7.21116
19.26   -7.40027   -7.19994
19.27   -7.38876   -7.18874
19.28   -7.37727   -7.17756
19.29   -7.3658   -7.16641
19.3   -7.35436   -7.15528
19.31   -7.34294   -7.14417
19.32   -7.33154   -7.13309
19.33   -7.32017   -7.12203
19.34   -7.30882   -7.11099
19.35   -7.29749   -7.09998
19.36   -7.28619   -7.08898
19.37   -7.27491   -7.07801
19.38   -7.26366   -7.06707
19.39   -7.25242   -7.05614
19.4   -7.24121   -7.04524
19.41   -7.23003   -7.03436
19.42   -7.21886   -7.0235
19.43   -7.20772   -7.01267
19.44   -7.19661   -7.00185
19.45   -7.18551   -6.99106
19.46   -7.17444   -6.98029
19.47   -7.16339   -6.96955
19.48   -7.15237   -6.95882
19.49   -7.14136   -6.94812
19.5   -7.13038   -6.93744
19.51   -7.11942   -6.92678
19.52   -7.10849   -6.91615
19.53   -7.09757   -6.90553
19.54   -7.08668   -6.89494
19.55   -7.07581   -6.88437
19.56   -7.06496   -6.87382
19.57   -7.05414   -6.86329
19.58   -7.04334   -6.85278
19.59   -7.03256   -6.8423
19.6   -7.0218   -6.83183
19.61   -7.01106   -6.82139
19.62   -7.00035   -6.81097
19.63   -6.98965   -6.80057
19.64   -6.97898   -6.79019
19.65   -6.96833   -6.77983
19.66   -6.95771   -6.76949
19.67   -6.9471   -6.75918
19.68   -6.93651   -6.74888
19.69   -6.92595   -6.73861
19.7   -6.91541   -6.72835
19.71   -6.90489   -6.71812
19.72   -6.89439   -6.70791
19.73   -6.88391   -6.69772
19.74   -6.87346   -6.68755
19.75   -6.86302   -6.6774
19.76   -6.85261   -6.66727
19.77   -6.84221   -6.65716
19.78   -6.83184   -6.64707
19.79   -6.82149   -6.637
19.8   -6.81116   -6.62696
19.81   -6.80085   -6.61693
19.82   -6.79056   -6.60692
19.83   -6.78029   -6.59693
19.84   -6.77005   -6.58697
19.85   -6.75982   -6.57702
19.86   -6.74961   -6.56709
19.87   -6.73943   -6.55719
19.88   -6.72926   -6.5473
19.89   -6.71912   -6.53743
19.9   -6.70899   -6.52759
19.91   -6.69889   -6.51776
19.92   -6.68881   -6.50795
19.93   -6.67874   -6.49816
19.94   -6.6687   -6.48839
19.95   -6.65868   -6.47864
19.96   -6.64867   -6.46891
19.97   -6.63869   -6.4592
19.98   -6.62873   -6.44951
19.99   -6.61878   -6.43984
