2.01   -12233.8
2.06   -11853.5
2.11   -11448
2.16   -11028.6
2.21   -10603.8
2.26   -10179.9
2.31   -9761.52
2.36   -9352.06
2.41   -8953.92
2.46   -8568.72
2.51   -8197.54
2.56   -7840.98
2.61   -7499.33
2.66   -7172.61
2.71   -6860.67
2.76   -6563.22
2.81   -6279.85
2.86   -6010.11
2.91   -5753.48
2.96   -5509.42
3.01   -5277.39
3.06   -5056.84
3.11   -4847.2
3.16   -4647.94
3.21   -4458.54
3.26   -4278.49
3.31   -4107.29
3.36   -3944.47
3.41   -3789.6
3.46   -3642.24
3.51   -3501.99
3.56   -3368.46
3.61   -3241.29
3.66   -3120.13
3.71   -3004.66
3.76   -2894.58
3.81   -2789.58
3.86   -2689.41
3.91   -2593.8
3.96   -2502.5
4.01   -2415.3
4.06   -2331.97
4.11   -2252.31
4.16   -2176.13
4.21   -2103.25
4.26   -2033.5
4.31   -1966.72
4.36   -1902.76
4.41   -1841.48
4.46   -1782.74
4.51   -1726.42
4.56   -1672.39
4.61   -1620.55
4.66   -1570.79
4.71   -1523.01
4.76   -1477.1
4.81   -1433
4.86   -1390.6
4.91   -1349.83
4.96   -1310.61
5.01   -1272.87
5.06   -1236.55
5.11   -1201.57
5.16   -1167.89
5.21   -1135.43
5.26   -1104.15
5.31   -1073.99
5.36   -1044.91
5.41   -1016.86
5.46   -989.786
5.51   -963.657
5.56   -938.429
5.61   -914.066
5.66   -890.529
5.71   -867.786
5.76   -845.803
5.81   -824.549
5.86   -803.994
5.91   -784.111
5.96   -764.873
6.01   -746.253
6.06   -728.228
6.11   -710.774
6.16   -693.869
6.21   -677.491
6.26   -661.622
6.31   -646.24
6.36   -631.328
6.41   -616.868
6.46   -602.843
6.51   -589.238
6.56   -576.036
6.61   -563.223
6.66   -550.785
6.71   -538.708
6.76   -526.98
6.81   -515.587
6.86   -504.519
6.91   -493.764
6.96   -483.31
7.01   -473.148
7.06   -463.268
7.11   -453.659
7.16   -444.313
7.21   -435.22
7.26   -426.373
7.31   -417.763
7.36   -409.382
7.41   -401.223
7.46   -393.278
7.51   -385.541
7.56   -378.004
7.61   -370.662
7.66   -363.508
7.71   -356.536
7.76   -349.741
7.81   -343.117
7.86   -336.658
7.91   -330.36
7.96   -324.217
8.01   -318.225
8.06   -312.38
8.11   -306.676
8.16   -301.109
8.21   -295.677
8.26   -290.373
8.31   -285.196
8.36   -280.14
8.41   -275.203
8.46   -270.381
8.51   -265.67
8.56   -261.068
8.61   -256.571
8.66   -252.177
8.71   -247.882
8.76   -243.684
8.81   -239.58
8.86   -235.568
8.91   -231.644
8.96   -227.807
9.01   -224.053
9.06   -220.382
9.11   -216.79
9.16   -213.276
9.21   -209.837
9.26   -206.471
9.31   -203.177
9.36   -199.952
9.41   -196.795
9.46   -193.704
9.51   -190.678
9.56   -187.714
9.61   -184.811
9.66   -181.967
9.71   -179.181
9.76   -176.452
9.81   -173.778
9.86   -171.157
9.91   -168.589
9.96   -166.072
10.01   -163.604
10.06   -161.186
10.11   -158.814
10.16   -156.489
10.21   -154.209
10.26   -151.973
10.31   -149.779
10.36   -147.628
10.41   -145.518
10.46   -143.447
10.51   -141.416
10.56   -139.423
10.61   -137.467
10.66   -135.547
10.71   -133.663
10.76   -131.814
10.81   -129.998
10.86   -128.216
10.91   -126.466
10.96   -124.748
11.01   -123.06
11.06   -121.403
11.11   -119.776
11.16   -118.177
11.21   -116.607
11.26   -115.064
11.31   -113.548
11.36   -112.059
11.41   -110.596
11.46   -109.158
11.51   -107.745
11.56   -106.356
11.61   -104.991
11.66   -103.649
11.71   -102.33
11.76   -101.033
11.81   -99.7583
11.86   -98.5046
11.91   -97.2718
11.96   -96.0594
12.01   -94.8671
12.06   -93.6945
12.11   -92.541
12.16   -91.4064
12.21   -90.2902
12.26   -89.1922
12.31   -88.1118
12.36   -87.0488
12.41   -86.0028
12.46   -84.9735
12.51   -83.9606
12.56   -82.9636
12.61   -81.9824
12.66   -81.0166
12.71   -80.0658
12.76   -79.1299
12.81   -78.2085
12.86   -77.3013
12.91   -76.4081
12.96   -75.5286
13.01   -74.6625
13.06   -73.8096
13.11   -72.9697
13.16   -72.1424
13.21   -71.3276
13.26   -70.525
13.31   -69.7344
13.36   -68.9555
13.41   -68.1882
13.46   -67.4322
13.51   -66.6874
13.56   -65.9534
13.61   -65.2302
13.66   -64.5175
13.71   -63.8152
13.76   -63.123
13.81   -62.4408
13.86   -61.7684
13.91   -61.1055
13.96   -60.4522
14.01   -59.8081
14.06   -59.1731
14.11   -58.547
14.16   -57.9298
14.21   -57.3212
14.26   -56.7211
14.31   -56.1293
14.36   -55.5457
14.41   -54.9702
14.46   -54.4026
14.51   -53.8428
14.56   -53.2907
14.61   -52.746
14.66   -52.2088
14.71   -51.6788
14.76   -51.156
14.81   -50.6401
14.86   -50.1312
14.91   -49.6291
14.96   -49.1337
15.01   -48.6448
15.06   -48.1624
15.11   -47.6864
15.16   -47.2166
15.21   -46.7529
15.26   -46.2953
15.31   -45.8437
15.36   -45.3979
15.41   -44.9578
15.46   -44.5235
15.51   -44.0947
15.56   -43.6714
15.61   -43.2534
15.66   -42.8408
15.71   -42.4335
15.76   -42.0312
15.81   -41.6341
15.86   -41.2419
15.91   -40.8546
15.96   -40.4722
16.01   -40.0945
16.06   -39.7215
16.11   -39.3531
16.16   -38.9893
16.21   -38.6299
16.26   -38.2749
16.31   -37.9243
16.36   -37.5779
16.41   -37.2357
16.46   -36.8977
16.51   -36.5638
16.56   -36.2338
16.61   -35.9078
16.66   -35.5858
16.71   -35.2675
16.76   -34.9531
16.81   -34.6423
16.86   -34.3353
16.91   -34.0318
16.96   -33.7319
17.01   -33.4355
17.06   -33.1426
17.11   -32.8531
17.16   -32.567
17.21   -32.2842
17.26   -32.0046
17.31   -31.7283
17.36   -31.4551
17.41   -31.185
17.46   -30.9181
17.51   -30.6541
17.56   -30.3932
17.61   -30.1352
17.66   -29.8801
17.71   -29.6279
17.76   -29.3786
17.81   -29.132
17.86   -28.8881
17.91   -28.647
17.96   -28.4086
18.01   -28.1728
18.06   -27.9396
18.11   -27.7089
18.16   -27.4808
18.21   -27.2552
18.26   -27.0321
18.31   -26.8113
18.36   -26.593
18.41   -26.377
18.46   -26.1634
18.51   -25.9521
18.56   -25.743
18.61   -25.5362
18.66   -25.3316
18.71   -25.1292
18.76   -24.9289
18.81   -24.7307
18.86   -24.5346
18.91   -24.3406
18.96   -24.1487
19.01   -23.9587
19.06   -23.7708
19.11   -23.5848
19.16   -23.4007
19.21   -23.2185
19.26   -23.0383
19.31   -22.8599
19.36   -22.6833
19.41   -22.5085
19.46   -22.3356
19.51   -22.1644
19.56   -21.9949
19.61   -21.8272
19.66   -21.6611
19.71   -21.4968
19.76   -21.3341
19.81   -21.173
19.86   -21.0136
19.91   -20.8557
19.96   -20.6995
