1.005   -0.985149   -0.469931
1.03   -0.915142   -0.467559
1.055   -0.851614   -0.461605
1.08   -0.793832   -0.453001
1.105   -0.741162   -0.442476
1.13   -0.69305   -0.430594
1.155   -0.649014   -0.417798
1.18   -0.608631   -0.40443
1.205   -0.57153   -0.390756
1.23   -0.537384   -0.37698
1.255   -0.505905   -0.363258
1.28   -0.476837   -0.34971
1.305   -0.449954   -0.336423
1.33   -0.425055   -0.323461
1.355   -0.401959   -0.310872
1.38   -0.380507   -0.298687
1.405   -0.360555   -0.286925
1.43   -0.341973   -0.275598
1.455   -0.324647   -0.264709
1.48   -0.308471   -0.254257
1.505   -0.293353   -0.244238
1.53   -0.279207   -0.234642
1.555   -0.265955   -0.225458
1.58   -0.25353   -0.216675
1.605   -0.241866   -0.208279
1.63   -0.230907   -0.200256
1.655   -0.2206   -0.19259
1.68   -0.210898   -0.185268
1.705   -0.201756   -0.178275
1.73   -0.193135   -0.171596
1.755   -0.184999   -0.165217
1.78   -0.177313   -0.159124
1.805   -0.170047   -0.153304
1.83   -0.163172   -0.147743
1.855   -0.156664   -0.14243
1.88   -0.150497   -0.137352
1.905   -0.144649   -0.132497
1.93   -0.1391   -0.127856
1.955   -0.133832   -0.123416
1.98   -0.128826   -0.119169
2.005   -0.124067   -0.115105
2.03   -0.11954   -0.111216
2.055   -0.11523   -0.107491
2.08   -0.111125   -0.103924
2.105   -0.107212   -0.100506
2.13   -0.103481   -0.0972312
2.155   -0.0999213   -0.0940915
2.18   -0.0965229   -0.0910807
2.205   -0.0932769   -0.0881925
2.23   -0.0901748   -0.0854212
2.255   -0.0872088   -0.0827612
2.28   -0.0843714   -0.0802071
2.305   -0.0816558   -0.0777539
2.33   -0.0790555   -0.075397
2.355   -0.0765645   -0.0731318
2.38   -0.074177   -0.0709542
2.405   -0.0718877   -0.0688599
2.43   -0.0696917   -0.0668453
2.455   -0.0675843   -0.0649067
2.48   -0.0655609   -0.0630407
2.505   -0.0636175   -0.0612439
2.53   -0.0617502   -0.0595134
2.555   -0.0599553   -0.0578461
2.58   -0.0582292   -0.0562393
2.605   -0.0565688   -0.0546904
2.63   -0.0549709   -0.0531968
2.655   -0.0534326   -0.0517561
2.68   -0.0519512   -0.0503661
2.705   -0.0505241   -0.0490245
2.73   -0.0491487   -0.0477295
2.755   -0.0478228   -0.0464789
2.78   -0.0465442   -0.045271
2.805   -0.0453108   -0.044104
2.83   -0.0441205   -0.0429761
2.855   -0.0429716   -0.0418859
2.88   -0.0418622   -0.0408317
2.905   -0.0407907   -0.0398122
2.93   -0.0397555   -0.0388258
2.955   -0.038755   -0.0378714
2.98   -0.0377878   -0.0369477
3.005   -0.0368525   -0.0360533
3.03   -0.0359478   -0.0351873
3.055   -0.0350725   -0.0343485
3.08   -0.0342253   -0.0335359
3.105   -0.0334053   -0.0327484
3.13   -0.0326112   -0.0319851
3.155   -0.0318421   -0.0312451
3.18   -0.031097   -0.0305276
3.205   -0.030375   -0.0298316
3.23   -0.0296751   -0.0291565
3.255   -0.0289966   -0.0285014
3.28   -0.0283386   -0.0278656
3.305   -0.0277004   -0.0272484
3.33   -0.0270812   -0.0266491
3.355   -0.0264803   -0.0260671
3.38   -0.025897   -0.0255019
3.405   -0.0253308   -0.0249527
3.43   -0.0247809   -0.0244191
3.455   -0.0242469   -0.0239004
3.48   -0.0237281   -0.0233962
3.505   -0.0232239   -0.022906
3.53   -0.022734   -0.0224294
3.555   -0.0222577   -0.0219657
3.58   -0.0217947   -0.0215147
3.605   -0.0213444   -0.0210758
3.63   -0.0209064   -0.0206488
3.655   -0.0204804   -0.0202331
3.68   -0.0200658   -0.0198284
3.705   -0.0196623   -0.0194344
3.73   -0.0192696   -0.0190507
3.755   -0.0188873   -0.0186769
3.78   -0.018515   -0.0183129
3.805   -0.0181525   -0.0179581
3.83   -0.0177993   -0.0176125
3.855   -0.0174553   -0.0172756
3.88   -0.01712   -0.0169472
3.905   -0.0167933   -0.016627
3.93   -0.0164749   -0.0163148
3.955   -0.0161644   -0.0160103
3.98   -0.0158617   -0.0157133
4.005   -0.0155666   -0.0154236
4.03   -0.0152786   -0.0151409
4.055   -0.0149978   -0.0148651
4.08   -0.0147238   -0.0145959
4.105   -0.0144564   -0.0143331
4.13   -0.0141955   -0.0140766
4.155   -0.0139408   -0.0138261
4.18   -0.0136921   -0.0135815
4.205   -0.0134494   -0.0133426
4.23   -0.0132123   -0.0131093
4.255   -0.0129808   -0.0128814
4.28   -0.0127547   -0.0126586
4.305   -0.0125337   -0.012441
4.33   -0.0123179   -0.0122283
4.355   -0.012107   -0.0120205
4.38   -0.0119008   -0.0118172
4.405   -0.0116994   -0.0116186
4.43   -0.0115024   -0.0114243
4.455   -0.0113099   -0.0112343
4.48   -0.0111216   -0.0110486
4.505   -0.0109374   -0.0108668
4.53   -0.0107574   -0.010689
4.555   -0.0105812   -0.0105151
4.58   -0.0104089   -0.0103449
4.605   -0.0102403   -0.0101784
4.63   -0.0100753   -0.0100153
4.655   -0.00991382   -0.00985579
4.68   -0.00975579   -0.0096996
4.705   -0.0096011   -0.00954668
4.73   -0.00944967   -0.00939695
4.755   -0.0093014   -0.00925032
4.78   -0.00915622   -0.00910672
4.805   -0.00901405   -0.00896607
4.83   -0.0088748   -0.0088283
4.855   -0.00873841   -0.00869332
4.88   -0.0086048   -0.00856108
4.905   -0.00847389   -0.00843149
4.93   -0.00834563   -0.00830451
4.955   -0.00821995   -0.00818005
4.98   -0.00809677   -0.00805806
5.005   -0.00797605   -0.00793848
5.03   -0.00785771   -0.00782125
5.055   -0.0077417   -0.00770631
5.08   -0.00762797   -0.00759361
5.105   -0.00751645   -0.00748309
5.13   -0.00740709   -0.00737469
5.155   -0.00729985   -0.00726838
5.18   -0.00719467   -0.0071641
5.205   -0.00709149   -0.0070618
5.23   -0.00699029   -0.00696143
5.255   -0.00689099   -0.00686295
5.28   -0.00679357   -0.00676632
5.305   -0.00669798   -0.00667148
5.33   -0.00660417   -0.00657841
5.355   -0.00651211   -0.00648706
5.38   -0.00642175   -0.00639739
5.405   -0.00633305   -0.00630936
5.43   -0.00624598   -0.00622294
5.455   -0.0061605   -0.00613808
5.48   -0.00607657   -0.00605476
5.505   -0.00599416   -0.00597293
5.53   -0.00591323   -0.00589257
5.555   -0.00583375   -0.00581365
5.58   -0.00575569   -0.00573612
5.605   -0.00567902   -0.00565997
5.63   -0.0056037   -0.00558515
5.655   -0.00552971   -0.00551165
5.68   -0.00545701   -0.00543942
5.705   -0.00538559   -0.00536845
5.73   -0.0053154   -0.00529871
5.755   -0.00524643   -0.00523017
5.78   -0.00517865   -0.00516281
5.805   -0.00511203   -0.00509659
5.83   -0.00504655   -0.0050315
5.855   -0.00498218   -0.00496752
5.88   -0.0049189   -0.00490461
5.905   -0.00485669   -0.00484275
5.93   -0.00479552   -0.00478194
5.955   -0.00473538   -0.00472213
5.98   -0.00467624   -0.00466332
6.005   -0.00461807   -0.00460548
6.03   -0.00456087   -0.00454859
6.055   -0.00450461   -0.00449263
6.08   -0.00444928   -0.00443758
6.105   -0.00439484   -0.00438343
6.13   -0.00434129   -0.00433015
6.155   -0.0042886   -0.00427774
6.18   -0.00423677   -0.00422616
6.205   -0.00418576   -0.00417541
6.23   -0.00413557   -0.00412547
6.255   -0.00408619   -0.00407632
6.28   -0.00403758   -0.00402795
6.305   -0.00398974   -0.00398034
6.33   -0.00394266   -0.00393347
6.355   -0.00389631   -0.00388734
6.38   -0.00385068   -0.00384192
6.405   -0.00380577   -0.00379721
6.43   -0.00376155   -0.00375319
6.455   -0.00371802   -0.00370985
6.48   -0.00367515   -0.00366717
6.505   -0.00363294   -0.00362514
6.53   -0.00359137   -0.00358375
6.555   -0.00355044   -0.00354299
6.58   -0.00351012   -0.00350284
6.605   -0.00347042   -0.0034633
6.63   -0.00343131   -0.00342435
6.655   -0.00339278   -0.00338598
6.68   -0.00335483   -0.00334818
6.705   -0.00331744   -0.00331094
6.73   -0.00328061   -0.00327425
6.755   -0.00324432   -0.0032381
6.78   -0.00320857   -0.00320248
6.805   -0.00317333   -0.00316738
6.83   -0.00313861   -0.00313279
6.855   -0.0031044   -0.00309871
6.88   -0.00307068   -0.00306511
6.905   -0.00303745   -0.003032
6.93   -0.00300469   -0.00299936
6.955   -0.00297241   -0.00296719
6.98   -0.00294058   -0.00293548
7.005   -0.00290921   -0.00290421
7.03   -0.00287829   -0.00287339
7.055   -0.0028478   -0.002843
7.08   -0.00281774   -0.00281304
7.105   -0.0027881   -0.0027835
7.13   -0.00275887   -0.00275437
7.155   -0.00273005   -0.00272565
7.18   -0.00270163   -0.00269732
7.205   -0.00267361   -0.00266939
7.23   -0.00264597   -0.00264183
7.255   -0.00261871   -0.00261466
7.28   -0.00259183   -0.00258786
7.305   -0.00256531   -0.00256142
7.33   -0.00253915   -0.00253534
7.355   -0.00251334   -0.00250961
7.38   -0.00248789   -0.00248423
7.405   -0.00246278   -0.00245919
7.43   -0.002438   -0.00243449
7.455   -0.00241355   -0.00241011
7.48   -0.00238943   -0.00238606
7.505   -0.00236564   -0.00236233
7.53   -0.00234215   -0.00233891
7.555   -0.00231898   -0.0023158
7.58   -0.00229611   -0.00229299
7.605   -0.00227354   -0.00227048
7.63   -0.00225126   -0.00224827
7.655   -0.00222928   -0.00222634
7.68   -0.00220758   -0.0022047
7.705   -0.00218616   -0.00218334
7.73   -0.00216502   -0.00216225
7.755   -0.00214415   -0.00214143
7.78   -0.00212354   -0.00212088
7.805   -0.0021032   -0.00210059
7.83   -0.00208312   -0.00208056
7.855   -0.0020633   -0.00206078
7.88   -0.00204372   -0.00204125
7.905   -0.00202439   -0.00202197
7.93   -0.00200531   -0.00200293
7.955   -0.00198646   -0.00198413
7.98   -0.00196785   -0.00196556
8.005   -0.00194947   -0.00194722
8.03   -0.00193132   -0.00192911
8.055   -0.00191339   -0.00191123
8.08   -0.00189568   -0.00189356
8.105   -0.0018782   -0.00187611
8.13   -0.00186092   -0.00185888
8.155   -0.00184386   -0.00184185
8.18   -0.00182701   -0.00182503
8.205   -0.00181036   -0.00180842
8.23   -0.00179391   -0.00179201
8.255   -0.00177766   -0.00177579
8.28   -0.00176161   -0.00175977
8.305   -0.00174575   -0.00174395
8.33   -0.00173008   -0.00172831
8.355   -0.00171459   -0.00171285
8.38   -0.00169929   -0.00169759
8.405   -0.00168417   -0.0016825
8.43   -0.00166923   -0.00166759
8.455   -0.00165447   -0.00165285
8.48   -0.00163988   -0.00163829
8.505   -0.00162546   -0.0016239
8.53   -0.00161121   -0.00160968
8.555   -0.00159713   -0.00159562
8.58   -0.00158321   -0.00158173
8.605   -0.00156945   -0.00156799
8.63   -0.00155585   -0.00155442
8.655   -0.00154241   -0.001541
8.68   -0.00152912   -0.00152774
8.705   -0.00151598   -0.00151462
8.73   -0.00150299   -0.00150166
8.755   -0.00149016   -0.00148884
8.78   -0.00147746   -0.00147617
8.805   -0.00146491   -0.00146365
8.83   -0.00145251   -0.00145126
8.855   -0.00144024   -0.00143901
8.88   -0.00142811   -0.0014269
8.905   -0.00141611   -0.00141493
8.93   -0.00140425   -0.00140309
8.955   -0.00139253   -0.00139138
8.98   -0.00138093   -0.0013798
9.005   -0.00136946   -0.00136835
9.03   -0.00135812   -0.00135703
9.055   -0.0013469   -0.00134583
9.08   -0.0013358   -0.00133475
9.105   -0.00132483   -0.00132379
9.13   -0.00131398   -0.00131296
9.155   -0.00130324   -0.00130224
9.18   -0.00129262   -0.00129164
9.205   -0.00128212   -0.00128115
9.23   -0.00127173   -0.00127077
9.255   -0.00126145   -0.00126051
9.28   -0.00125128   -0.00125036
9.305   -0.00124123   -0.00124032
9.33   -0.00123128   -0.00123038
9.355   -0.00122143   -0.00122055
9.38   -0.00121169   -0.00121082
9.405   -0.00120205   -0.0012012
9.43   -0.00119252   -0.00119168
9.455   -0.00118308   -0.00118226
9.48   -0.00117375   -0.00117293
9.505   -0.00116451   -0.00116371
9.53   -0.00115537   -0.00115458
9.555   -0.00114633   -0.00114555
9.58   -0.00113737   -0.00113661
9.605   -0.00112852   -0.00112776
9.63   -0.00111975   -0.00111901
9.655   -0.00111107   -0.00111034
9.68   -0.00110249   -0.00110177
9.705   -0.00109399   -0.00109328
9.73   -0.00108558   -0.00108488
9.755   -0.00107725   -0.00107657
9.78   -0.00106901   -0.00106834
9.805   -0.00106086   -0.00106019
9.83   -0.00105278   -0.00105213
9.855   -0.00104479   -0.00104415
9.88   -0.00103688   -0.00103625
9.905   -0.00102905   -0.00102842
9.93   -0.0010213   -0.00102068
9.955   -0.00101362   -0.00101302
9.98   -0.00100602   -0.00100543
