1.005   -2.90201   -1.75071
1.03   -2.69578   -1.69629
1.055   -2.50865   -1.63826
1.08   -2.33844   -1.57824
1.105   -2.18328   -1.51745
1.13   -2.04156   -1.45679
1.155   -1.91184   -1.39691
1.18   -1.79288   -1.33832
1.205   -1.68359   -1.28134
1.23   -1.583   -1.22622
1.255   -1.49027   -1.1731
1.28   -1.40465   -1.12208
1.305   -1.32546   -1.07318
1.33   -1.25211   -1.02643
1.355   -1.18407   -0.981791
1.38   -1.12088   -0.939224
1.405   -1.06211   -0.898673
1.43   -1.00737   -0.860071
1.455   -0.95633   -0.823346
1.48   -0.908681   -0.788421
1.505   -0.864146   -0.755217
1.53   -0.822474   -0.723654
1.555   -0.78344   -0.693654
1.58   -0.746836   -0.66514
1.605   -0.712478   -0.638036
1.63   -0.680196   -0.612269
1.655   -0.649834   -0.58777
1.68   -0.621253   -0.564471
1.705   -0.594324   -0.542308
1.73   -0.568929   -0.52122
1.755   -0.544961   -0.501149
1.78   -0.52232   -0.48204
1.805   -0.500916   -0.463842
1.83   -0.480666   -0.446504
1.855   -0.461493   -0.42998
1.88   -0.443326   -0.414226
1.905   -0.4261   -0.399201
1.93   -0.409755   -0.384866
1.955   -0.394236   -0.371183
1.98   -0.379491   -0.358118
2.005   -0.365472   -0.345639
2.03   -0.352134   -0.333714
2.055   -0.339439   -0.322315
2.08   -0.327346   -0.311413
2.105   -0.315821   -0.300984
2.13   -0.30483   -0.291003
2.155   -0.294344   -0.281446
2.18   -0.284333   -0.272293
2.205   -0.274771   -0.263524
2.23   -0.265633   -0.255118
2.255   -0.256896   -0.247058
2.28   -0.248538   -0.239327
2.305   -0.240538   -0.231908
2.33   -0.232878   -0.224787
2.355   -0.22554   -0.217949
2.38   -0.218507   -0.21138
2.405   -0.211764   -0.205068
2.43   -0.205295   -0.199
2.455   -0.199087   -0.193166
2.48   -0.193126   -0.187553
2.505   -0.187402   -0.182153
2.53   -0.181901   -0.176955
2.555   -0.176614   -0.17195
2.58   -0.171529   -0.167129
2.605   -0.166638   -0.162485
2.63   -0.161931   -0.158008
2.655   -0.157399   -0.153693
2.68   -0.153036   -0.149531
2.705   -0.148832   -0.145516
2.73   -0.14478   -0.141642
2.755   -0.140874   -0.137903
2.78   -0.137108   -0.134293
2.805   -0.133474   -0.130807
2.83   -0.129968   -0.127438
2.855   -0.126584   -0.124184
2.88   -0.123316   -0.121038
2.905   -0.12016   -0.117996
2.93   -0.11711   -0.115055
2.955   -0.114163   -0.11221
2.98   -0.111314   -0.109456
3.005   -0.108558   -0.106792
3.03   -0.105893   -0.104212
3.055   -0.103315   -0.101715
3.08   -0.100819   -0.0992955
3.105   -0.0984038   -0.0969518
3.13   -0.0960647   -0.0946808
3.155   -0.0937991   -0.0924796
3.18   -0.0916042   -0.0903456
3.205   -0.0894772   -0.0882764
3.23   -0.0874156   -0.0862694
3.255   -0.0854169   -0.0843224
3.28   -0.0834786   -0.0824331
3.305   -0.0815985   -0.0805995
3.33   -0.0797745   -0.0788196
3.355   -0.0780044   -0.0770913
3.38   -0.0762863   -0.075413
3.405   -0.0746183   -0.0737827
3.43   -0.0729986   -0.0721988
3.455   -0.0714254   -0.0706597
3.48   -0.0698971   -0.0691637
3.505   -0.0684121   -0.0677095
3.53   -0.0669688   -0.0662955
3.555   -0.0655659   -0.0649205
3.58   -0.0642019   -0.063583
3.605   -0.0628754   -0.0622819
3.63   -0.0615853   -0.0610158
3.655   -0.0603302   -0.0597836
3.68   -0.0591089   -0.0585843
3.705   -0.0579205   -0.0574167
3.73   -0.0567636   -0.0562797
3.755   -0.0556374   -0.0551725
3.78   -0.0545408   -0.054094
3.805   -0.0534728   -0.0530433
3.83   -0.0524325   -0.0520195
3.855   -0.051419   -0.0510219
3.88   -0.0504315   -0.0500494
3.905   -0.0494691   -0.0491014
3.93   -0.048531   -0.0481772
3.955   -0.0476165   -0.0472759
3.98   -0.0467248   -0.0463968
4.005   -0.0458553   -0.0455394
4.03   -0.0450072   -0.0447028
4.055   -0.0441798   -0.0438866
4.08   -0.0433727   -0.04309
4.105   -0.0425851   -0.0423126
4.13   -0.0418164   -0.0415536
4.155   -0.0410661   -0.0408127
4.18   -0.0403337   -0.0400892
4.205   -0.0396186   -0.0393827
4.23   -0.0389202   -0.0386926
4.255   -0.0382382   -0.0380185
4.28   -0.0375721   -0.0373599
4.305   -0.0369213   -0.0367165
4.33   -0.0362855   -0.0360876
4.355   -0.0356642   -0.035473
4.38   -0.035057   -0.0348723
4.405   -0.0344635   -0.0342849
4.43   -0.0338833   -0.0337107
4.455   -0.0333161   -0.0331492
4.48   -0.0327614   -0.0326001
4.505   -0.032219   -0.032063
4.53   -0.0316885   -0.0315376
4.555   -0.0311696   -0.0310236
4.58   -0.030662   -0.0305207
4.605   -0.0301653   -0.0300285
4.63   -0.0296793   -0.0295469
4.655   -0.0292037   -0.0290755
4.68   -0.0287382   -0.028614
4.705   -0.0282825   -0.0281622
4.73   -0.0278364   -0.0277199
4.755   -0.0273997   -0.0272868
4.78   -0.026972   -0.0268626
4.805   -0.0265532   -0.0264472
4.83   -0.026143   -0.0260402
4.855   -0.0257412   -0.0256416
4.88   -0.0253476   -0.025251
4.905   -0.024962   -0.0248683
4.93   -0.0245842   -0.0244933
4.955   -0.024214   -0.0241258
4.98   -0.0238511   -0.0237656
5.005   -0.0234955   -0.0234125
5.03   -0.0231469   -0.0230663
5.055   -0.0228052   -0.022727
5.08   -0.0224701   -0.0223942
5.105   -0.0221416   -0.0220679
5.13   -0.0218195   -0.0217479
5.155   -0.0215036   -0.021434
5.18   -0.0211937   -0.0211262
5.205   -0.0208898   -0.0208242
5.23   -0.0205917   -0.0205279
5.255   -0.0202992   -0.0202372
5.28   -0.0200122   -0.019952
5.305   -0.0197306   -0.0196721
5.33   -0.0194543   -0.0193974
5.355   -0.0191831   -0.0191277
5.38   -0.0189169   -0.0188631
5.405   -0.0186556   -0.0186033
5.43   -0.0183991   -0.0183482
5.455   -0.0181473   -0.0180978
5.48   -0.0179001   -0.0178519
5.505   -0.0176573   -0.0176104
5.53   -0.0174189   -0.0173733
5.555   -0.0171848   -0.0171404
5.58   -0.0169549   -0.0169116
5.605   -0.016729   -0.0166869
5.63   -0.0165071   -0.0164661
5.655   -0.0162892   -0.0162493
5.68   -0.016075   -0.0160362
5.705   -0.0158646   -0.0158268
5.73   -0.0156579   -0.015621
5.755   -0.0154547   -0.0154188
5.78   -0.015255   -0.01522
5.805   -0.0150588   -0.0150247
5.83   -0.0148659   -0.0148327
5.855   -0.0146763   -0.0146439
5.88   -0.0144899   -0.0144583
5.905   -0.0143066   -0.0142758
5.93   -0.0141264   -0.0140964
5.955   -0.0139493   -0.01392
5.98   -0.013775   -0.0137465
6.005   -0.0136037   -0.0135759
6.03   -0.0134352   -0.0134081
6.055   -0.0132695   -0.013243
6.08   -0.0131065   -0.0130806
6.105   -0.0129461   -0.0129209
6.13   -0.0127884   -0.0127638
6.155   -0.0126332   -0.0126092
6.18   -0.0124805   -0.012457
6.205   -0.0123302   -0.0123074
6.23   -0.0121824   -0.0121601
6.255   -0.0120369   -0.0120151
6.28   -0.0118937   -0.0118724
6.305   -0.0117528   -0.011732
6.33   -0.0116141   -0.0115938
6.355   -0.0114776   -0.0114578
6.38   -0.0113432   -0.0113238
6.405   -0.0112109   -0.011192
6.43   -0.0110806   -0.0110621
6.455   -0.0109524   -0.0109343
6.48   -0.0108261   -0.0108085
6.505   -0.0107017   -0.0106845
6.53   -0.0105793   -0.0105625
6.555   -0.0104587   -0.0104423
6.58   -0.01034   -0.0103239
6.605   -0.010223   -0.0102073
6.63   -0.0101078   -0.0100924
6.655   -0.0099943   -0.00997928
6.68   -0.00988251   -0.00986782
6.705   -0.00977238   -0.00975801
6.73   -0.00966388   -0.00964983
6.755   -0.00955698   -0.00954324
6.78   -0.00945165   -0.00943821
6.805   -0.00934786   -0.00933472
6.83   -0.00924559   -0.00923273
6.855   -0.0091448   -0.00913222
6.88   -0.00904547   -0.00903317
6.905   -0.00894758   -0.00893554
6.93   -0.00885109   -0.00883931
6.955   -0.00875599   -0.00874446
6.98   -0.00866224   -0.00865096
7.005   -0.00856983   -0.00855878
7.03   -0.00847873   -0.00846791
7.055   -0.00838891   -0.00837832
7.08   -0.00830036   -0.00828999
7.105   -0.00821305   -0.0082029
7.13   -0.00812696   -0.00811702
7.155   -0.00804207   -0.00803234
7.18   -0.00795836   -0.00794883
7.205   -0.0078758   -0.00786647
7.23   -0.00779438   -0.00778524
7.255   -0.00771409   -0.00770513
7.28   -0.00763489   -0.00762612
7.305   -0.00755677   -0.00754818
7.33   -0.00747971   -0.00747129
7.355   -0.0074037   -0.00739545
7.38   -0.00732871   -0.00732063
7.405   -0.00725473   -0.00724682
7.43   -0.00718175   -0.00717399
7.455   -0.00710974   -0.00710214
7.48   -0.00703869   -0.00703124
7.505   -0.00696858   -0.00696128
7.53   -0.00689941   -0.00689224
7.555   -0.00683114   -0.00682412
7.58   -0.00676377   -0.00675689
7.605   -0.00669729   -0.00669054
7.63   -0.00663167   -0.00662506
7.655   -0.00656691   -0.00656042
7.68   -0.00650299   -0.00649663
7.705   -0.00643989   -0.00643365
7.73   -0.00637761   -0.00637149
7.755   -0.00631613   -0.00631013
7.78   -0.00625544   -0.00624955
7.805   -0.00619552   -0.00618975
7.83   -0.00613637   -0.0061307
7.855   -0.00607796   -0.00607241
7.88   -0.0060203   -0.00601485
7.905   -0.00596336   -0.00595801
7.93   -0.00590714   -0.00590189
7.955   -0.00585162   -0.00584647
7.98   -0.0057968   -0.00579174
8.005   -0.00574265   -0.00573769
8.03   -0.00568918   -0.00568431
8.055   -0.00563638   -0.0056316
8.08   -0.00558422   -0.00557953
8.105   -0.00553271   -0.0055281
8.13   -0.00548182   -0.0054773
8.155   -0.00543156   -0.00542712
8.18   -0.00538191   -0.00537756
8.205   -0.00533287   -0.00532859
8.23   -0.00528442   -0.00528022
8.255   -0.00523655   -0.00523243
8.28   -0.00518926   -0.00518521
8.305   -0.00514254   -0.00513856
8.33   -0.00509638   -0.00509247
8.355   -0.00505077   -0.00504693
8.38   -0.0050057   -0.00500193
8.405   -0.00496116   -0.00495746
8.43   -0.00491716   -0.00491352
8.455   -0.00487367   -0.00487009
8.48   -0.00483069   -0.00482718
8.505   -0.00478822   -0.00478477
8.53   -0.00474624   -0.00474285
8.555   -0.00470475   -0.00470142
8.58   -0.00466375   -0.00466047
8.605   -0.00462321   -0.00462
8.63   -0.00458315   -0.00457999
8.655   -0.00454355   -0.00454045
8.68   -0.00450441   -0.00450135
8.705   -0.00446571   -0.00446271
8.73   -0.00442745   -0.0044245
8.755   -0.00438963   -0.00438673
8.78   -0.00435224   -0.00434939
8.805   -0.00431528   -0.00431247
8.83   -0.00427873   -0.00427597
8.855   -0.00424259   -0.00423988
8.88   -0.00420686   -0.00420419
8.905   -0.00417153   -0.00416891
8.93   -0.00413659   -0.00413401
8.955   -0.00410204   -0.00409951
8.98   -0.00406788   -0.00406539
9.005   -0.00403409   -0.00403164
9.03   -0.00400068   -0.00399827
9.055   -0.00396763   -0.00396526
9.08   -0.00393495   -0.00393262
9.105   -0.00390263   -0.00390033
9.13   -0.00387065   -0.0038684
9.155   -0.00383903   -0.00383681
9.18   -0.00380775   -0.00380557
9.205   -0.00377681   -0.00377467
9.23   -0.00374621   -0.00374409
9.255   -0.00371593   -0.00371385
9.28   -0.00368598   -0.00368393
9.305   -0.00365635   -0.00365434
9.33   -0.00362704   -0.00362506
9.355   -0.00359803   -0.00359609
9.38   -0.00356934   -0.00356743
9.405   -0.00354095   -0.00353907
9.43   -0.00351287   -0.00351101
9.455   -0.00348507   -0.00348325
9.48   -0.00345758   -0.00345578
9.505   -0.00343036   -0.00342859
9.53   -0.00340344   -0.0034017
9.555   -0.00337679   -0.00337508
9.58   -0.00335043   -0.00334874
9.605   -0.00332433   -0.00332267
9.63   -0.00329851   -0.00329687
9.655   -0.00327295   -0.00327134
9.68   -0.00324766   -0.00324607
9.705   -0.00322263   -0.00322106
9.73   -0.00319785   -0.00319631
9.755   -0.00317333   -0.00317181
9.78   -0.00314905   -0.00314756
9.805   -0.00312503   -0.00312356
9.83   -0.00310125   -0.0030998
9.855   -0.0030777   -0.00307628
9.88   -0.0030544   -0.003053
9.905   -0.00303133   -0.00302995
9.93   -0.00300849   -0.00300713
9.955   -0.00298588   -0.00298454
9.98   -0.0029635   -0.00296218
