1.005   -0.985149   -0.562079
1.03   -0.915142   -0.544605
1.055   -0.851614   -0.525975
1.08   -0.793832   -0.506706
1.105   -0.741162   -0.487188
1.13   -0.69305   -0.467711
1.155   -0.649014   -0.448489
1.18   -0.608631   -0.429677
1.205   -0.57153   -0.411384
1.23   -0.537384   -0.393686
1.255   -0.505905   -0.376633
1.28   -0.476837   -0.360251
1.305   -0.449954   -0.344553
1.33   -0.425055   -0.329543
1.355   -0.401959   -0.315211
1.38   -0.380507   -0.301544
1.405   -0.360555   -0.288525
1.43   -0.341973   -0.276132
1.455   -0.324647   -0.264341
1.48   -0.308471   -0.253128
1.505   -0.293353   -0.242468
1.53   -0.279207   -0.232334
1.555   -0.265955   -0.222703
1.58   -0.25353   -0.213548
1.605   -0.241866   -0.204846
1.63   -0.230907   -0.196573
1.655   -0.2206   -0.188708
1.68   -0.210898   -0.181227
1.705   -0.201756   -0.174112
1.73   -0.193135   -0.167341
1.755   -0.184999   -0.160897
1.78   -0.177313   -0.154762
1.805   -0.170047   -0.14892
1.83   -0.163172   -0.143353
1.855   -0.156664   -0.138048
1.88   -0.150497   -0.13299
1.905   -0.144649   -0.128166
1.93   -0.1391   -0.123564
1.955   -0.133832   -0.119171
1.98   -0.128826   -0.114976
2.005   -0.124067   -0.11097
2.03   -0.11954   -0.107141
2.055   -0.11523   -0.103481
2.08   -0.111125   -0.0999814
2.105   -0.107212   -0.096633
2.13   -0.103481   -0.0934284
2.155   -0.0999213   -0.0903603
2.18   -0.0965229   -0.0874217
2.205   -0.0932769   -0.0846061
2.23   -0.0901748   -0.0819074
2.255   -0.0872088   -0.0793197
2.28   -0.0843714   -0.0768375
2.305   -0.0816558   -0.0744557
2.33   -0.0790555   -0.0721694
2.355   -0.0765645   -0.0699739
2.38   -0.074177   -0.067865
2.405   -0.0718877   -0.0658384
2.43   -0.0696917   -0.0638904
2.455   -0.0675843   -0.0620172
2.48   -0.0655609   -0.0602153
2.505   -0.0636175   -0.0584815
2.53   -0.0617502   -0.0568126
2.555   -0.0599553   -0.0552057
2.58   -0.0582292   -0.053658
2.605   -0.0565688   -0.0521668
2.63   -0.0549709   -0.0507297
2.655   -0.0534326   -0.0493441
2.68   -0.0519512   -0.048008
2.705   -0.0505241   -0.046719
2.73   -0.0491487   -0.0454753
2.755   -0.0478228   -0.0442748
2.78   -0.0465442   -0.0431158
2.805   -0.0453108   -0.0419964
2.83   -0.0441205   -0.040915
2.855   -0.0429716   -0.0398701
2.88   -0.0418622   -0.0388601
2.905   -0.0407907   -0.0378836
2.93   -0.0397555   -0.0369392
2.955   -0.038755   -0.0360257
2.98   -0.0377878   -0.0351418
3.005   -0.0368525   -0.0342863
3.03   -0.0359478   -0.0334581
3.055   -0.0350725   -0.0326562
3.08   -0.0342253   -0.0318795
3.105   -0.0334053   -0.0311271
3.13   -0.0326112   -0.0303979
3.155   -0.0318421   -0.0296912
3.18   -0.031097   -0.0290061
3.205   -0.030375   -0.0283417
3.23   -0.0296751   -0.0276974
3.255   -0.0289966   -0.0270723
3.28   -0.0283386   -0.0264657
3.305   -0.0277004   -0.025877
3.33   -0.0270812   -0.0253056
3.355   -0.0264803   -0.0247507
3.38   -0.025897   -0.0242119
3.405   -0.0253308   -0.0236884
3.43   -0.0247809   -0.0231799
3.455   -0.0242469   -0.0226858
3.48   -0.0237281   -0.0222055
3.505   -0.0232239   -0.0217386
3.53   -0.022734   -0.0212847
3.555   -0.0222577   -0.0208432
3.58   -0.0217947   -0.0204138
3.605   -0.0213444   -0.019996
3.63   -0.0209064   -0.0195895
3.655   -0.0204804   -0.019194
3.68   -0.0200658   -0.0188089
3.705   -0.0196623   -0.018434
3.73   -0.0192696   -0.018069
3.755   -0.0188873   -0.0177135
3.78   -0.018515   -0.0173673
3.805   -0.0181525   -0.0170299
3.83   -0.0177993   -0.0167012
3.855   -0.0174553   -0.0163809
3.88   -0.01712   -0.0160687
3.905   -0.0167933   -0.0157644
3.93   -0.0164749   -0.0154676
3.955   -0.0161644   -0.0151782
3.98   -0.0158617   -0.014896
4.005   -0.0155666   -0.0146207
4.03   -0.0152786   -0.0143522
4.055   -0.0149978   -0.0140901
4.08   -0.0147238   -0.0138344
4.105   -0.0144564   -0.0135847
4.13   -0.0141955   -0.0133411
4.155   -0.0139408   -0.0131032
4.18   -0.0136921   -0.0128709
4.205   -0.0134494   -0.0126441
4.23   -0.0132123   -0.0124225
4.255   -0.0129808   -0.0122061
4.28   -0.0127547   -0.0119947
4.305   -0.0125337   -0.0117881
4.33   -0.0123179   -0.0115862
4.355   -0.012107   -0.0113889
4.38   -0.0119008   -0.011196
4.405   -0.0116994   -0.0110074
4.43   -0.0115024   -0.0108231
4.455   -0.0113099   -0.0106428
4.48   -0.0111216   -0.0104665
4.505   -0.0109374   -0.010294
4.53   -0.0107574   -0.0101254
4.555   -0.0105812   -0.00996034
4.58   -0.0104089   -0.00979887
4.605   -0.0102403   -0.00964087
4.63   -0.0100753   -0.00948623
4.655   -0.00991382   -0.00933488
4.68   -0.00975579   -0.00918673
4.705   -0.0096011   -0.00904169
4.73   -0.00944967   -0.00889967
4.755   -0.0093014   -0.00876062
4.78   -0.00915622   -0.00862443
4.805   -0.00901405   -0.00849105
4.83   -0.0088748   -0.0083604
4.855   -0.00873841   -0.00823241
4.88   -0.0086048   -0.00810702
4.905   -0.00847389   -0.00798415
4.93   -0.00834563   -0.00786375
4.955   -0.00821995   -0.00774576
4.98   -0.00809677   -0.00763011
5.005   -0.00797605   -0.00751674
5.03   -0.00785771   -0.00740561
5.055   -0.0077417   -0.00729665
5.08   -0.00762797   -0.00718982
5.105   -0.00751645   -0.00708506
5.13   -0.00740709   -0.00698232
5.155   -0.00729985   -0.00688155
5.18   -0.00719467   -0.00678271
5.205   -0.00709149   -0.00668575
5.23   -0.00699029   -0.00659063
5.255   -0.00689099   -0.0064973
5.28   -0.00679357   -0.00640572
5.305   -0.00669798   -0.00631585
5.33   -0.00660417   -0.00622766
5.355   -0.00651211   -0.00614109
5.38   -0.00642175   -0.00605612
5.405   -0.00633305   -0.00597271
5.43   -0.00624598   -0.00589082
5.455   -0.0061605   -0.00581042
5.48   -0.00607657   -0.00573148
5.505   -0.00599416   -0.00565395
5.53   -0.00591323   -0.00557782
5.555   -0.00583375   -0.00550304
5.58   -0.00575569   -0.00542959
5.605   -0.00567902   -0.00535745
5.63   -0.0056037   -0.00528657
5.655   -0.00552971   -0.00521694
5.68   -0.00545701   -0.00514852
5.705   -0.00538559   -0.00508129
5.73   -0.0053154   -0.00501523
5.755   -0.00524643   -0.00495031
5.78   -0.00517865   -0.0048865
5.805   -0.00511203   -0.00482378
5.83   -0.00504655   -0.00476213
5.855   -0.00498218   -0.00470152
5.88   -0.0049189   -0.00464194
5.905   -0.00485669   -0.00458336
5.93   -0.00479552   -0.00452575
5.955   -0.00473538   -0.00446911
5.98   -0.00467624   -0.00441341
6.005   -0.00461807   -0.00435863
6.03   -0.00456087   -0.00430475
6.055   -0.00450461   -0.00425176
6.08   -0.00444928   -0.00419963
6.105   -0.00439484   -0.00414835
6.13   -0.00434129   -0.0040979
6.155   -0.0042886   -0.00404826
6.18   -0.00423677   -0.00399942
6.205   -0.00418576   -0.00395137
6.23   -0.00413557   -0.00390407
6.255   -0.00408619   -0.00385753
6.28   -0.00403758   -0.00381173
6.305   -0.00398974   -0.00376665
6.33   -0.00394266   -0.00372227
6.355   -0.00389631   -0.00367859
6.38   -0.00385068   -0.00363559
6.405   -0.00380577   -0.00359326
6.43   -0.00376155   -0.00355158
6.455   -0.00371802   -0.00351054
6.48   -0.00367515   -0.00347013
6.505   -0.00363294   -0.00343034
6.53   -0.00359137   -0.00339115
6.555   -0.00355044   -0.00335256
6.58   -0.00351012   -0.00331455
6.605   -0.00347042   -0.00327712
6.63   -0.00343131   -0.00324024
6.655   -0.00339278   -0.00320392
6.68   -0.00335483   -0.00316813
6.705   -0.00331744   -0.00313288
6.73   -0.00328061   -0.00309815
6.755   -0.00324432   -0.00306392
6.78   -0.00320857   -0.0030302
6.805   -0.00317333   -0.00299698
6.83   -0.00313861   -0.00296423
6.855   -0.0031044   -0.00293196
6.88   -0.00307068   -0.00290016
6.905   -0.00303745   -0.00286882
6.93   -0.00300469   -0.00283792
6.955   -0.00297241   -0.00280747
6.98   -0.00294058   -0.00277745
7.005   -0.00290921   -0.00274786
7.03   -0.00287829   -0.00271868
7.055   -0.0028478   -0.00268992
7.08   -0.00281774   -0.00266156
7.105   -0.0027881   -0.0026336
7.13   -0.00275887   -0.00260603
7.155   -0.00273005   -0.00257884
7.18   -0.00270163   -0.00255203
7.205   -0.00267361   -0.00252558
7.23   -0.00264597   -0.00249951
7.255   -0.00261871   -0.00247379
7.28   -0.00259183   -0.00244842
7.305   -0.00256531   -0.00242339
7.33   -0.00253915   -0.00239871
7.355   -0.00251334   -0.00237436
7.38   -0.00248789   -0.00235034
7.405   -0.00246278   -0.00232664
7.43   -0.002438   -0.00230326
7.455   -0.00241355   -0.00228019
7.48   -0.00238943   -0.00225743
7.505   -0.00236564   -0.00223497
7.53   -0.00234215   -0.0022128
7.555   -0.00231898   -0.00219093
7.58   -0.00229611   -0.00216935
7.605   -0.00227354   -0.00214804
7.63   -0.00225126   -0.00212702
7.655   -0.00222928   -0.00210627
7.68   -0.00220758   -0.00208579
7.705   -0.00218616   -0.00206557
7.73   -0.00216502   -0.00204561
7.755   -0.00214415   -0.00202591
7.78   -0.00212354   -0.00200646
7.805   -0.0021032   -0.00198726
7.83   -0.00208312   -0.00196831
7.855   -0.0020633   -0.00194959
7.88   -0.00204372   -0.00193111
7.905   -0.00202439   -0.00191286
7.93   -0.00200531   -0.00189484
7.955   -0.00198646   -0.00187705
7.98   -0.00196785   -0.00185948
8.005   -0.00194947   -0.00184213
8.03   -0.00193132   -0.00182499
8.055   -0.00191339   -0.00180806
8.08   -0.00189568   -0.00179135
8.105   -0.0018782   -0.00177484
8.13   -0.00186092   -0.00175853
8.155   -0.00184386   -0.00174242
8.18   -0.00182701   -0.0017265
8.205   -0.00181036   -0.00171078
8.23   -0.00179391   -0.00169525
8.255   -0.00177766   -0.00167991
8.28   -0.00176161   -0.00166475
8.305   -0.00174575   -0.00164977
8.33   -0.00173008   -0.00163497
8.355   -0.00171459   -0.00162035
8.38   -0.00169929   -0.0016059
8.405   -0.00168417   -0.00159163
8.43   -0.00166923   -0.00157752
8.455   -0.00165447   -0.00156358
8.48   -0.00163988   -0.0015498
8.505   -0.00162546   -0.00153618
8.53   -0.00161121   -0.00152273
8.555   -0.00159713   -0.00150942
8.58   -0.00158321   -0.00149628
8.605   -0.00156945   -0.00148328
8.63   -0.00155585   -0.00147044
8.655   -0.00154241   -0.00145774
8.68   -0.00152912   -0.00144519
8.705   -0.00151598   -0.00143278
8.73   -0.00150299   -0.00142052
8.755   -0.00149016   -0.00140839
8.78   -0.00147746   -0.0013964
8.805   -0.00146491   -0.00138455
8.83   -0.00145251   -0.00137283
8.855   -0.00144024   -0.00136124
8.88   -0.00142811   -0.00134979
8.905   -0.00141611   -0.00133846
8.93   -0.00140425   -0.00132725
8.955   -0.00139253   -0.00131618
8.98   -0.00138093   -0.00130522
9.005   -0.00136946   -0.00129439
9.03   -0.00135812   -0.00128367
9.055   -0.0013469   -0.00127308
9.08   -0.0013358   -0.0012626
9.105   -0.00132483   -0.00125223
9.13   -0.00131398   -0.00124198
9.155   -0.00130324   -0.00123184
9.18   -0.00129262   -0.0012218
9.205   -0.00128212   -0.00121188
9.23   -0.00127173   -0.00120207
9.255   -0.00126145   -0.00119236
9.28   -0.00125128   -0.00118275
9.305   -0.00124123   -0.00117325
9.33   -0.00123128   -0.00116385
9.355   -0.00122143   -0.00115455
9.38   -0.00121169   -0.00114535
9.405   -0.00120205   -0.00113624
9.43   -0.00119252   -0.00112723
9.455   -0.00118308   -0.00111832
9.48   -0.00117375   -0.0011095
9.505   -0.00116451   -0.00110077
9.53   -0.00115537   -0.00109214
9.555   -0.00114633   -0.00108359
9.58   -0.00113737   -0.00107514
9.605   -0.00112852   -0.00106677
9.63   -0.00111975   -0.00105848
9.655   -0.00111107   -0.00105029
9.68   -0.00110249   -0.00104217
9.705   -0.00109399   -0.00103415
9.73   -0.00108558   -0.0010262
9.755   -0.00107725   -0.00101833
9.78   -0.00106901   -0.00101055
9.805   -0.00106086   -0.00100284
9.83   -0.00105278   -0.000995212
9.855   -0.00104479   -0.000987661
9.88   -0.00103688   -0.000980186
9.905   -0.00102905   -0.000972786
9.93   -0.0010213   -0.00096546
9.955   -0.00101362   -0.000958208
9.98   -0.00100602   -0.000951028
