1.005   -0.93171   -0.718703
1.03   -0.8655   -0.684125
1.055   -0.805418   -0.650681
1.08   -0.750771   -0.618536
1.105   -0.700958   -0.587787
1.13   -0.655456   -0.55848
1.155   -0.613808   -0.530627
1.18   -0.575616   -0.504212
1.205   -0.540527   -0.479203
1.23   -0.508234   -0.455554
1.255   -0.478462   -0.433211
1.28   -0.450971   -0.412116
1.305   -0.425547   -0.392209
1.33   -0.401998   -0.373426
1.355   -0.380155   -0.355708
1.38   -0.359867   -0.338993
1.405   -0.340996   -0.323223
1.43   -0.323423   -0.308342
1.455   -0.307036   -0.294296
1.48   -0.291738   -0.281036
1.505   -0.27744   -0.268511
1.53   -0.264061   -0.256678
1.555   -0.251529   -0.245494
1.58   -0.239777   -0.234917
1.605   -0.228746   -0.224911
1.63   -0.218382   -0.21544
1.655   -0.208634   -0.206472
1.68   -0.199458   -0.197975
1.705   -0.190812   -0.189921
1.73   -0.182659   -0.182282
1.755   -0.174964   -0.175034
1.78   -0.167695   -0.168154
1.805   -0.160823   -0.161618
1.83   -0.154321   -0.155407
1.855   -0.148166   -0.149502
1.88   -0.142333   -0.143884
1.905   -0.136802   -0.138538
1.93   -0.131555   -0.133446
1.955   -0.126572   -0.128596
1.98   -0.121838   -0.123973
2.005   -0.117337   -0.119564
2.03   -0.113055   -0.115357
2.055   -0.108979   -0.111342
2.08   -0.105097   -0.107508
2.105   -0.101396   -0.103845
2.13   -0.0978678   -0.100343
2.155   -0.0945011   -0.0969945
2.18   -0.0912871   -0.0937911
2.205   -0.0882172   -0.0907251
2.23   -0.0852834   -0.0877893
2.255   -0.0824782   -0.0849771
2.28   -0.0797947   -0.0822821
2.305   -0.0772264   -0.0796984
2.33   -0.0747672   -0.0772204
2.355   -0.0724113   -0.0748428
2.38   -0.0701533   -0.0725607
2.405   -0.0679882   -0.0703694
2.43   -0.0659113   -0.0682645
2.455   -0.0639182   -0.0662418
2.48   -0.0620046   -0.0642974
2.505   -0.0601666   -0.0624276
2.53   -0.0584006   -0.060629
2.555   -0.056703   -0.0588981
2.58   -0.0550706   -0.0572319
2.605   -0.0535002   -0.0556274
2.63   -0.051989   -0.0540818
2.655   -0.0505342   -0.0525925
2.68   -0.0491331   -0.0511569
2.705   -0.0477834   -0.0497727
2.73   -0.0464827   -0.0484377
2.755   -0.0452287   -0.0471496
2.78   -0.0440194   -0.0459064
2.805   -0.0428529   -0.0447062
2.83   -0.0417272   -0.0435473
2.855   -0.0406406   -0.0424278
2.88   -0.0395914   -0.0413461
2.905   -0.0385781   -0.0403006
2.93   -0.037599   -0.0392899
2.955   -0.0366527   -0.0383125
2.98   -0.035738   -0.0373671
3.005   -0.0348534   -0.0364523
3.03   -0.0339978   -0.035567
3.055   -0.03317   -0.03471
3.08   -0.0323688   -0.0338801
3.105   -0.0315932   -0.0330764
3.13   -0.0308422   -0.0322977
3.155   -0.0301149   -0.0315432
3.18   -0.0294102   -0.0308119
3.205   -0.0287273   -0.030103
3.23   -0.0280654   -0.0294155
3.255   -0.0274237   -0.0287487
3.28   -0.0268014   -0.0281018
3.305   -0.0261978   -0.0274741
3.33   -0.0256122   -0.0268649
3.355   -0.0250439   -0.0262735
3.38   -0.0244923   -0.0256992
3.405   -0.0239567   -0.0251415
3.43   -0.0234367   -0.0245998
3.455   -0.0229316   -0.0240735
3.48   -0.0224409   -0.023562
3.505   -0.0219642   -0.0230648
3.53   -0.0215008   -0.0225815
3.555   -0.0210504   -0.0221116
3.58   -0.0206125   -0.0216546
3.605   -0.0201866   -0.02121
3.63   -0.0197724   -0.0207775
3.655   -0.0193694   -0.0203566
3.68   -0.0189773   -0.019947
3.705   -0.0185958   -0.0195483
3.73   -0.0182244   -0.0191601
3.755   -0.0178628   -0.018782
3.78   -0.0175107   -0.0184139
3.805   -0.0171678   -0.0180552
3.83   -0.0168338   -0.0177058
3.855   -0.0165084   -0.0173654
3.88   -0.0161914   -0.0170335
3.905   -0.0158824   -0.0167101
3.93   -0.0155812   -0.0163948
3.955   -0.0152876   -0.0160873
3.98   -0.0150013   -0.0157875
4.005   -0.0147222   -0.015495
4.03   -0.0144499   -0.0152097
4.055   -0.0141842   -0.0149314
4.08   -0.0139251   -0.0146598
4.105   -0.0136722   -0.0143947
4.13   -0.0134254   -0.014136
4.155   -0.0131846   -0.0138834
4.18   -0.0129494   -0.0136368
4.205   -0.0127198   -0.013396
4.23   -0.0124956   -0.0131608
4.255   -0.0122767   -0.012931
4.28   -0.0120628   -0.0127066
4.305   -0.0118538   -0.0124874
4.33   -0.0116497   -0.0122731
4.355   -0.0114502   -0.0120637
4.38   -0.0112553   -0.011859
4.405   -0.0110647   -0.011659
4.43   -0.0108785   -0.0114633
4.455   -0.0106964   -0.0112721
4.48   -0.0105183   -0.011085
4.505   -0.0103441   -0.0109021
4.53   -0.0101738   -0.0107232
4.555   -0.0100072   -0.0105481
4.58   -0.00984425   -0.0103769
4.605   -0.00968478   -0.0102093
4.63   -0.00952875   -0.0100453
4.655   -0.00937605   -0.00988479
4.68   -0.00922659   -0.00972768
4.705   -0.0090803   -0.00957388
4.73   -0.00893708   -0.0094233
4.755   -0.00879685   -0.00927585
4.78   -0.00865955   -0.00913146
4.805   -0.00852508   -0.00899005
4.83   -0.00839339   -0.00885154
4.855   -0.0082644   -0.00871586
4.88   -0.00813803   -0.00858293
4.905   -0.00801423   -0.00845269
4.93   -0.00789293   -0.00832506
4.955   -0.00777406   -0.00819999
4.98   -0.00765757   -0.00807741
5.005   -0.00754339   -0.00795726
5.03   -0.00743147   -0.00783947
5.055   -0.00732176   -0.007724
5.08   -0.00721419   -0.00761078
5.105   -0.00710872   -0.00749976
5.13   -0.0070053   -0.00739089
5.155   -0.00690387   -0.00728411
5.18   -0.0068044   -0.00717938
5.205   -0.00670682   -0.00707664
5.23   -0.0066111   -0.00697585
5.255   -0.00651719   -0.00687697
5.28   -0.00642506   -0.00677994
5.305   -0.00633465   -0.00668473
5.33   -0.00624593   -0.00659129
5.355   -0.00615886   -0.00649958
5.38   -0.0060734   -0.00640957
5.405   -0.00598952   -0.0063212
5.43   -0.00590717   -0.00623445
5.455   -0.00582632   -0.00614929
5.48   -0.00574695   -0.00606566
5.505   -0.00566901   -0.00598354
5.53   -0.00559247   -0.0059029
5.555   -0.0055173   -0.0058237
5.58   -0.00544348   -0.0057459
5.605   -0.00537096   -0.00566949
5.63   -0.00529973   -0.00559442
5.655   -0.00522975   -0.00552067
5.68   -0.005161   -0.00544822
5.705   -0.00509345   -0.00537702
5.73   -0.00502707   -0.00530706
5.755   -0.00496184   -0.0052383
5.78   -0.00489774   -0.00517073
5.805   -0.00483473   -0.00510431
5.83   -0.0047728   -0.00503902
5.855   -0.00471192   -0.00497485
5.88   -0.00465208   -0.00491175
5.905   -0.00459324   -0.00484972
5.93   -0.00453539   -0.00478873
5.955   -0.00447851   -0.00472875
5.98   -0.00442258   -0.00466978
6.005   -0.00436757   -0.00461177
6.03   -0.00431347   -0.00455473
6.055   -0.00426026   -0.00449862
6.08   -0.00420793   -0.00444343
6.105   -0.00415644   -0.00438913
6.13   -0.0041058   -0.00433572
6.155   -0.00405597   -0.00428317
6.18   -0.00400695   -0.00423146
6.205   -0.00395871   -0.00418059
6.23   -0.00391124   -0.00413052
6.255   -0.00386453   -0.00408125
6.28   -0.00381856   -0.00403276
6.305   -0.00377332   -0.00398504
6.33   -0.00372879   -0.00393806
6.355   -0.00368495   -0.00389182
6.38   -0.00364181   -0.0038463
6.405   -0.00359933   -0.00380149
6.43   -0.00355751   -0.00375737
6.455   -0.00351633   -0.00371393
6.48   -0.00347579   -0.00367116
6.505   -0.00343587   -0.00362904
6.53   -0.00339656   -0.00358756
6.555   -0.00335785   -0.00354671
6.58   -0.00331972   -0.00350648
6.605   -0.00328216   -0.00346686
6.63   -0.00324518   -0.00342783
6.655   -0.00320874   -0.00338938
6.68   -0.00317285   -0.00335151
6.705   -0.00313749   -0.00331419
6.73   -0.00310266   -0.00327743
6.755   -0.00306834   -0.00324121
6.78   -0.00303452   -0.00320552
6.805   -0.0030012   -0.00317036
6.83   -0.00296836   -0.0031357
6.855   -0.002936   -0.00310155
6.88   -0.00290411   -0.00306789
6.905   -0.00287268   -0.00303472
6.93   -0.00284171   -0.00300203
6.955   -0.00281117   -0.0029698
6.98   -0.00278107   -0.00293803
7.005   -0.0027514   -0.00290671
7.03   -0.00272216   -0.00287584
7.055   -0.00269332   -0.0028454
7.08   -0.00266489   -0.00281539
7.105   -0.00263686   -0.0027858
7.13   -0.00260922   -0.00275662
7.155   -0.00258196   -0.00272785
7.18   -0.00255509   -0.00269948
7.205   -0.00252858   -0.0026715
7.23   -0.00250244   -0.0026439
7.255   -0.00247666   -0.00261669
7.28   -0.00245123   -0.00258984
7.305   -0.00242615   -0.00256336
7.33   -0.00240141   -0.00253724
7.355   -0.00237701   -0.00251148
7.38   -0.00235293   -0.00248606
7.405   -0.00232918   -0.00246098
7.43   -0.00230575   -0.00243624
7.455   -0.00228263   -0.00241183
7.48   -0.00225982   -0.00238775
7.505   -0.00223731   -0.00236398
7.53   -0.0022151   -0.00234053
7.555   -0.00219319   -0.00231739
7.58   -0.00217156   -0.00229455
7.605   -0.00215021   -0.00227201
7.63   -0.00212914   -0.00224977
7.655   -0.00210835   -0.00222781
7.68   -0.00208783   -0.00220614
7.705   -0.00206757   -0.00218475
7.73   -0.00204758   -0.00216363
7.755   -0.00202784   -0.00214279
7.78   -0.00200835   -0.00212221
7.805   -0.00198912   -0.0021019
7.83   -0.00197012   -0.00208184
7.855   -0.00195137   -0.00206204
7.88   -0.00193286   -0.00204249
7.905   -0.00191458   -0.00202318
7.93   -0.00189653   -0.00200412
7.955   -0.0018787   -0.00198529
7.98   -0.0018611   -0.0019667
8.005   -0.00184372   -0.00194834
8.03   -0.00182655   -0.00193021
8.055   -0.0018096   -0.00191231
8.08   -0.00179285   -0.00189462
8.105   -0.00177631   -0.00187715
8.13   -0.00175998   -0.0018599
8.155   -0.00174384   -0.00184286
8.18   -0.0017279   -0.00182602
8.205   -0.00171216   -0.00180939
8.23   -0.0016966   -0.00179296
8.255   -0.00168123   -0.00177673
8.28   -0.00166605   -0.00176069
8.305   -0.00165105   -0.00174485
8.33   -0.00163623   -0.00172919
8.355   -0.00162158   -0.00171372
8.38   -0.00160711   -0.00169844
8.405   -0.00159282   -0.00168334
8.43   -0.00157869   -0.00166841
8.455   -0.00156472   -0.00165366
8.48   -0.00155093   -0.00163909
8.505   -0.00153729   -0.00162468
8.53   -0.00152381   -0.00161045
8.555   -0.00151049   -0.00159638
8.58   -0.00149733   -0.00158247
8.605   -0.00148432   -0.00156872
8.63   -0.00147145   -0.00155513
8.655   -0.00145874   -0.0015417
8.68   -0.00144617   -0.00152843
8.705   -0.00143375   -0.0015153
8.73   -0.00142146   -0.00150233
8.755   -0.00140932   -0.0014895
8.78   -0.00139732   -0.00147682
8.805   -0.00138545   -0.00146428
8.83   -0.00137372   -0.00145188
8.855   -0.00136211   -0.00143963
8.88   -0.00135064   -0.00142751
8.905   -0.0013393   -0.00141552
8.93   -0.00132808   -0.00140367
8.955   -0.00131699   -0.00139195
8.98   -0.00130602   -0.00138036
9.005   -0.00129517   -0.0013689
9.03   -0.00128445   -0.00135757
9.055   -0.00127384   -0.00134636
9.08   -0.00126334   -0.00133528
9.105   -0.00125297   -0.00132431
9.13   -0.0012427   -0.00131347
9.155   -0.00123255   -0.00130274
9.18   -0.00122251   -0.00129213
9.205   -0.00121257   -0.00128163
9.23   -0.00120275   -0.00127125
9.255   -0.00119303   -0.00126098
9.28   -0.00118341   -0.00125082
9.305   -0.0011739   -0.00124077
9.33   -0.00116449   -0.00123083
9.355   -0.00115517   -0.00122099
9.38   -0.00114596   -0.00121126
9.405   -0.00113685   -0.00120163
9.43   -0.00112783   -0.0011921
9.455   -0.00111891   -0.00118267
9.48   -0.00111008   -0.00117334
9.505   -0.00110134   -0.00116411
9.53   -0.0010927   -0.00115498
9.555   -0.00108414   -0.00114594
9.58   -0.00107568   -0.00113699
9.605   -0.0010673   -0.00112814
9.63   -0.00105901   -0.00111938
9.655   -0.0010508   -0.00111071
9.68   -0.00104268   -0.00110213
9.705   -0.00103465   -0.00109364
9.73   -0.00102669   -0.00108523
9.755   -0.00101882   -0.00107691
9.78   -0.00101103   -0.00106868
9.805   -0.00100331   -0.00106053
9.83   -0.000995677   -0.00105246
9.855   -0.000988118   -0.00104447
9.88   -0.000980636   -0.00103656
9.905   -0.00097323   -0.00102874
9.93   -0.000965898   -0.00102099
9.955   -0.000958639   -0.00101332
9.98   -0.000951453   -0.00100572
